Bratislava I
6.15;6.35;5.95;4.85;5.6;4.65;3.67;3.44;3.93;2.58;2.37;2.81;2.4;2.1;2.8;1.77;1.84;1.69;1.56;1.47;1.65;1.46;1.4;1.53;2.71;2.94;2.47;3.18;3.35;3;3.53;3.46;3.59;4.15;3.91;4.4;4.93;4.54;5.35;4.99;4.5;5.54;4.81;4.35;5.34;4.11;3.69;4.57
18228;9051;9177;21454;10531;10923;21309;11120;10189;21858;11249;10609;21303;10970;10333;21798;11324;10474;21991;11280;10711;22389;11512;10877;22948;11704;11244;23000;11756;11244;22490;11517;10973;23427;12058;11369;19606;10324;9282;20228;10660;9568;20267;10815;9452;20511;10781;9730
1121;575;546;1041;533;508;782;382;400;565;267;298;435;220;215;385;208;177;343;166;177;327;161;166;622;344;278;731;394;337;793;399;394;972;472;500;966;469;497;1010;480;530;975;470;505;843;398;445
Bratislava II
3.79;3.62;3.96;3.62;3.58;3.66;2.96;2.54;3.43;2.87;2.47;3.29;2.7;1.73;2.44;1.85;1.53;2.19;1.56;1.4;1.72;1.87;1.75;2;4;4.3;3.97;4.6;4.52;4.69;5.6;5.24;5.97;5.48;5.15;5.83;6.8;5.81;6.36;6.67;6.43;6.91;5.63;5.11;6.17;4.7;4.26;5.14
65193;33274;31919;55353;26862;28491;54420;28610;25810;54807;28100;26707;53864;27625;26239;55185;28546;26639;55652;28388;27264;56612;29000;27612;58173;29622;28551;58713;29945;28768;57829;29547;28282;60339;30940;29399;57568;29014;28554;57736;29187;28549;58008;29747;28261;58548;29489;29059
2470;1205;1265;2005;963;1042;1612;726;886;1572;694;878;1116;477;639;1021;437;584;866;397;469;1060;507;553;2327;1194;1133;2703;1355;1348;3236;1548;1688;3306;1592;1714;3501;1685;1816;3851;1878;1973;3264;1519;1745;2751;1257;1494
Bratislava III
4.14;4.44;3.86;3.16;3.14;3.18;3.11;2.97;3.25;2.8;2.69;2.93;2.9;2.4;2.15;1.77;1.56;2.1;1.57;1.52;1.63;1.75;1.57;1.94;3.39;3.57;3.2;3.8;3.84;3.75;4.65;4.43;4.89;5.58;5.25;5.93;5.9;5.58;6.25;5.87;5.48;6.29;5.69;5.4;6.42;4.83;4.41;5.26
26413;12596;13817;30837;15199;15638;30047;15622;14425;31038;16104;14934;30603;15894;14709;31337;16398;14939;31602;16308;15294;32162;16666;15496;33030;16998;16032;33244;17131;16113;32555;16834;15721;33983;17629;16354;32539;16770;15769;32457;16772;15685;32493;17015;15478;32828;16888;15940
1093;559;534;975;478;497;933;464;469;870;433;437;640;324;316;556;256;300;497;248;249;562;262;300;1119;606;513;1262;657;605;1515;746;769;1896;926;970;1921;935;986;1906;919;987;1850;857;993;1584;745;839
Bratislava IV
4.11;3.68;4.59;3.65;3.32;3.96;2.85;2.49;3.26;2.29;2.4;2.55;1.77;1.55;2.1;1.69;1.47;1.94;1.6;1.41;1.81;1.75;1.66;1.85;3.39;3.59;3.18;3.58;3.56;3.6;4.36;4.15;4.59;4.66;4.38;4.97;5.71;5.45;5.97;5.49;4.92;6.8;5.14;4.64;5.68;4.69;4.15;5.26
50785;26839;23946;50522;24576;25946;49440;25944;23496;51209;26451;24758;50103;25917;24186;51392;26801;24591;51977;26739;25238;52973;27362;25611;54420;27921;26499;54872;28213;26659;53538;27585;25953;55904;28905;26999;51167;26141;25026;50389;25850;24539;50494;26207;24287;50802;25935;24867
2086;988;1098;1844;816;1028;1410;645;765;1172;540;632;887;401;486;871;394;477;833;376;457;929;455;474;1844;1001;843;1965;1005;960;2335;1144;1191;2607;1266;1341;2920;1425;1495;2766;1273;1493;2595;1215;1380;2384;1076;1308
Bratislava V
4.5;4.5;4.49;4.65;4.63;4.67;3.62;3.2;4.31;3.29;3.5;3.54;2.35;2.48;2.21;2.11;1.9;2.33;1.73;1.65;1.8;2.6;2.1;2.11;3.84;4.18;3.51;3.98;4.9;3.88;4.98;4.83;5.13;4.93;5.6;4.82;5.7;5.65;5.75;5.3;4.97;5.64;4.67;4.34;5.1;3.89;3.52;4.28
93751;44670;49081;74304;35437;38867;73906;39309;34597;74789;37026;37763;73491;36469;37022;75030;37583;37447;75646;37348;38298;76917;38144;38773;78940;38858;40082;79679;39349;40330;77887;38545;39342;81319;40433;40886;72922;36986;35936;71935;36702;35233;71849;37081;34768;72098;36587;35511
4217;2011;2206;3457;1640;1817;2678;1186;1492;2463;1128;1335;1725;906;819;1584;713;871;1307;618;689;1583;765;818;3031;1623;1408;3174;1609;1565;3881;1861;2020;4013;2044;1969;4156;2089;2067;3811;1824;1987;3353;1611;1742;2808;1287;1521
Malacky
13.55;12.93;14.28;10.13;9.4;11.31;6.59;6.46;6.72;5.96;5.26;6.81;4.83;4.21;5.6;3.7;2.93;4.67;3.5;2.72;4.45;4.71;4.44;5.4;8.2;8.39;7.57;7.46;7.3;7.99;7.43;6.52;8.54;8.69;7.59;10.5;7.22;6.75;7.77;7.43;6.67;8.35;5.94;4.89;7.23;4.46;3.8;5.25
34521;18564;15957;34971;18155;16816;37055;18346;18709;33298;18320;14978;32336;17883;14453;32929;18308;14621;33064;18155;14909;33491;18470;15021;34436;18914;15522;35678;19737;15941;34866;19226;15640;35938;19844;16094;37711;20231;17480;36936;20128;16808;36770;20290;16480;36918;20076;16842
4678;2400;2278;3544;1642;1902;2443;1186;1257;1983;963;1020;1561;752;809;1219;536;683;1158;494;664;1577;820;757;2761;1586;1175;2662;1388;1274;2590;1254;1336;3124;1506;1618;2724;1365;1359;2746;1342;1404;2183;992;1191;1647;762;885
Pezinok
7.35;6.85;7.94;6.32;6.18;6.46;5.84;5.97;5.72;4.41;4.11;4.76;3.5;3.43;3.59;3.12;2.83;3.47;2.49;2.22;2.81;2.78;2.59;3.1;5.68;5.79;5.54;5.96;5.78;6.17;7.1;6.8;7.44;6.98;6.82;7.17;7.81;8.25;7.31;7.41;7.14;7.71;5.63;5.15;6.19;4.85;4.64;5.9
28168;15232;12936;29371;14993;14378;29583;14928;14655;29564;16011;13553;28916;15662;13254;29400;16041;13359;29587;15969;13618;30013;16241;13772;30826;16584;14242;31273;16892;14381;30785;16624;14161;32104;17389;14715;32048;17046;15002;31437;16928;14509;31566;17176;14390;31570;16854;14716
2071;1044;1027;1856;927;929;1729;891;838;1303;658;645;1013;537;476;918;454;464;738;355;383;835;421;414;1750;961;789;1864;976;888;2185;1131;1054;2241;1186;1055;2503;1406;1097;2328;1209;1119;1776;885;891;1531;782;749
Senec
8.15;8.2;8.31;7.57;7.91;7.2;4.53;4.55;4.51;3.84;3.25;4.56;3.27;2.83;3.81;3.18;2.79;3.65;2.7;2.42;3.3;2.36;1.96;2.84;5.5;4.96;5.15;5.71;5.26;6.25;6.27;5.41;7.29;6.78;6.4;7.67;6.3;5.89;6.77;6.22;5.43;7.15;5.58;4.53;6.86;4.85;3.91;5.96
25921;14023;11898;27177;14038;13139;27653;13878;13775;26912;14772;12140;26205;14364;11841;26795;14772;12023;27089;14767;12322;27519;15069;12450;28161;15334;12827;28521;15547;12974;28138;15334;12804;29393;16051;13342;35228;18843;16385;35117;19103;16014;35241;19370;15871;35524;19217;16307
2113;1124;989;2056;1110;946;1252;631;621;1033;480;553;858;407;451;851;412;439;731;358;373;649;295;354;1422;761;661;1628;817;811;1763;830;933;1993;970;1023;2219;1109;1110;2183;1038;1145;1967;878;1089;1724;752;972
Dunajska Streda
17.57;17.74;17.38;14.2;14.29;14.11;12.1;12;12.22;9.23;7.82;11.7;7.37;6.34;8.62;6.39;5.23;7.81;5.41;4.3;6.82;5.1;3.91;6.39;9.29;8.36;10.42;11.1;9.78;12.51;11.62;10.5;13.51;12.96;11.35;14.89;11.78;10.34;13.51;10.34;8.77;12.19;8.82;7.25;10.7;5.46;3.95;7.3
58422;31123;27299;59051;30833;28218;60418;33326;27092;59122;33449;25673;57407;31442;25965;57502;31622;25880;57858;32334;25524;58342;32585;25757;58977;32260;26717;59803;32858;26945;60259;32946;27313;60934;33148;27786;63177;34337;28840;63571;34369;29202;62318;33880;28438;63126;34638;28488
10264;5520;4744;8387;4406;3981;7311;4000;3311;5457;2615;2842;4231;1992;2239;3675;1655;2020;3132;1391;1741;2921;1275;1646;5479;2696;2783;6586;3215;3371;7001;3311;3690;7898;3761;4137;7445;3550;3895;6574;3014;3560;5499;2456;3043;3448;1369;2079
Galanta
20.3;19.72;20.46;16.22;17.46;14.85;11.16;10.78;11.62;7.91;6.55;9.68;6.64;5.59;7.94;4.75;3.73;6.1;3.44;2.64;4.46;2.84;2.31;3.5;6.16;5.77;6.63;6.29;5.43;7.36;6.52;5.46;7.82;7.2;6.5;8.61;6.75;5.51;8.27;5.43;4.43;6.64;5.5;3.95;6.38;3.29;2.46;4.33
44287;25623;18664;48611;25611;23000;49640;27606;22034;48585;27573;21012;46594;25617;20977;46401;25596;20805;46664;26203;20461;46915;26114;20801;47428;26091;21337;47599;26438;21161;47305;26085;21220;47509;26071;21438;49673;27344;22329;49087;26799;22288;48342;26534;21808;49348;27399;21949
8871;5052;3819;7886;4471;3415;5538;2977;2561;3842;1807;2035;3096;1431;1665;2205;954;1251;1603;691;912;1331;602;729;2920;1505;1415;2993;1436;1557;3084;1424;1660;3422;1577;1845;3354;1507;1847;2667;1188;1479;2440;1048;1392;1626;675;951
Hlohovec
14.53;14.58;14.47;13.64;13.63;13.64;12.82;12.47;13.25;11.69;9.75;14.11;8.44;7.8;10.12;5.55;4.97;6.27;4.93;3.83;6.4;4.9;3.47;4.91;7.65;7.44;7.91;7.87;7.14;8.81;9.43;8.26;10.95;9.12;8.38;10.6;9.36;8.67;10.22;7.87;7.5;8.88;6.31;5.45;7.4;3.46;2.89;4.18
23716;12814;10902;23341;12446;10895;23035;12585;10450;23073;12827;10246;23890;13194;10696;23747;13240;10507;23529;13445;10084;23604;13410;10194;23950;13406;10544;24128;13665;10463;23998;13515;10483;24267;13596;10671;23523;13096;10427;23479;13004;10475;23073;12827;10246;23379;13123;10256
3445;1868;1577;3183;1697;1486;2954;1569;1385;2697;1251;1446;2016;934;1082;1317;658;659;1160;515;645;966;465;501;1832;998;834;1898;976;922;2264;1116;1148;2213;1140;1073;2201;1135;1066;1847;917;930;1457;699;758;808;379;429
Piestany
11.1;11.65;10.25;9.38;10.58;8.7;8.31;8.66;7.87;7.81;8.32;7.31;5.47;5.16;5.84;4.29;4.9;4.53;3.73;3.49;4.3;4.29;3.77;4.92;7.8;7.97;7.6;6.98;6.97;7;8.38;7.95;8.89;8.48;8.4;8.58;9.44;9.1;9.84;7.51;7.27;7.79;5.77;4.94;6.77;3.29;2.87;3.82
31967;17308;14659;31689;16555;15134;29967;16741;13226;28898;14453;14445;32460;17702;14758;32955;18038;14917;33241;18514;14727;33697;18576;15121;34436;18665;15771;34988;19081;15907;34636;18899;15737;34638;18818;15820;31637;17292;14345;32185;17503;14682;31661;17327;14334;32081;17683;14398
3520;2017;1503;2973;1751;1222;2490;1449;1041;2258;1202;1056;1776;914;862;1413;738;675;1239;646;593;1445;701;744;2686;1487;1199;2443;1329;1114;2902;1503;1399;2939;1581;1358;2985;1574;1411;2416;1273;1143;1826;856;970;1057;507;550
Senica
17.31;16.68;18.1;11.91;11.81;12.2;11.45;11;12;10.52;9.2;12.18;9.61;8.65;10.77;6.52;5.39;7.91;5.75;4.52;7.33;6.24;5.21;7.54;12.99;12.72;13.33;10.92;9.96;12.11;10.9;9.87;12.15;11.76;10.88;12.82;12.49;11.2;14.32;11.25;9.85;12.96;9.21;8.34;10.29;7.41;6.22;8.94
31427;17566;13861;31282;16464;14818;31346;17169;14177;31079;17299;13780;31408;17223;14185;31713;17541;14172;31967;17967;14000;32051;17826;14225;32737;17983;14754;34109;18953;15156;34083;18726;15357;33723;18458;15265;32107;17845;14262;32072;17709;14363;31421;17406;14015;31804;17850;13954
5439;2930;2509;3726;1945;1781;3590;1889;1701;3270;1591;1679;3017;1489;1528;2067;946;1121;1838;812;1026;2001;929;1072;4254;2288;1966;3723;1888;1835;3714;1848;1866;3965;2008;1957;4009;1967;2042;3607;1745;1862;2893;1451;1442;2357;1110;1247
Skalica
14.34;14.19;14.53;11.5;12.36;10.56;10.12;10.54;9.6;8.99;8.61;9.43;8.17;7.5;8.97;5.55;4.71;6.58;4.14;3.78;4.6;5.38;4.9;5.97;11.55;11.2;12.18;8.76;8.46;9.12;8.42;8.1;8.92;8.68;8.58;8.79;8.87;8.91;8.83;8.27;8.21;8.34;6.11;5.75;6.55;4.87;4.78;4.99
24350;13639;10711;24556;12824;11732;24128;13419;10709;23656;12840;10816;24505;13411;11094;24800;13621;11179;25008;13978;11030;25190;13922;11268;25595;13988;11607;26676;14638;12038;26267;14378;11889;25936;14159;11777;24739;13666;11073;24450;13514;10936;24116;13418;10698;24453;13734;10719
3492;1936;1556;2824;1585;1239;2442;1414;1028;2126;1106;1020;2001;1006;995;1377;641;736;1035;528;507;1355;682;673;2956;1542;1414;2336;1238;1098;2212;1151;1061;2250;1215;1035;2195;1217;978;2021;1109;912;1473;772;701;1192;657;535
Trnava
12.71;12.58;12.87;12.1;12.38;11.78;10.79;10.11;11.63;7.69;6.96;8.5;6.14;5.58;6.83;4.12;3.61;4.76;3.39;2.77;4.19;3.43;3.1;3.96;6.24;6.22;6.27;6.15;5.64;6.78;7.31;6.26;8.61;7.56;6.84;8.43;6.73;5.8;7.87;6.44;5.49;7.57;5.53;4.75;6.47;3.51;2.76;4.43
65067;34931;30136;65330;34242;31088;63707;35143;28564;62823;32905;29918;66310;36260;30050;66363;36692;29671;66827;37657;29170;67434;37600;29834;68681;37749;30932;69296;38498;30798;68448;37761;30687;68793;37650;31143;65947;36111;29836;66825;36282;30543;65795;35936;29859;67378;37233;30145
8273;4393;3880;7903;4240;3663;6874;3553;3321;4834;2290;2544;4073;2022;2051;2734;1323;1411;2264;1042;1222;2312;1132;1180;4286;2348;1938;4259;2171;2088;5004;2362;2642;5200;2574;2626;4441;2093;2348;4303;1992;2311;3638;1707;1931;2362;1027;1335
Banovce nad Bebravou
17.76;20.55;14.4;16.14;20.18;11.72;13.94;16.78;10.46;9.59;10.4;9;9.9;9.63;8.46;6.23;6.4;6.2;5.1;5.6;4.93;5.27;5.6;4.87;9.71;11.39;7.76;9.34;9.97;8.58;10.3;10.74;9.17;12.27;13.37;10.91;11.59;12.2;11.3;10.24;10.5;9.89;8.13;8.17;8.7;6.9;6.24;5.91
19306;10562;8744;19978;10453;9525;20579;11321;9258;20302;11515;8787;19090;10374;8716;18563;10194;8369;18761;10149;8612;18513;10046;8467;18471;9932;8539;18518;10058;8460;18664;10182;8482;18588;10308;8280;19050;10758;8292;19045;10787;8258;19200;10677;8523;19128;10529;8599
3429;2170;1259;3225;2109;1116;2868;1900;968;1947;1156;791;1736;999;737;1156;652;504;939;514;425;975;563;412;1794;1131;663;1729;1003;726;1872;1094;778;2281;1378;903;2208;1293;915;1950;1133;817;1560;872;688;1165;657;508
Ilava
7.73;7.74;7.71;6.1;6.69;5.26;6.41;6.75;6.2;5.47;5.47;5.47;4.14;3.55;4.87;3.28;2.53;4.24;2.71;1.81;3.81;3.29;2.69;4.4;8.89;9.56;8.5;6.72;6.17;7.42;7.3;6.6;8.17;9.37;8.4;11.11;9.7;7.71;10.77;7.92;6.94;9.13;6.18;5.45;7.6;4.87;4.31;5.53
29357;15833;13524;31355;16373;14982;29019;15513;13506;29518;15847;13671;30639;16893;13746;30349;17022;13327;31096;17176;13920;30503;16968;13535;31097;17150;13947;31500;17516;13984;31327;17397;13930;31158;17614;13544;30937;17219;13718;31139;17241;13898;31469;17182;14287;31317;17019;14298
2269;1226;1043;1883;1095;788;1860;1047;813;1615;867;748;1269;599;670;995;430;565;842;311;531;1003;456;547;2763;1640;1123;2118;1081;1037;2286;1148;1138;2921;1416;1505;2805;1328;1477;2466;1197;1269;1944;936;1008;1525;734;791
Myjava
15.81;16.2;15.56;10.65;10.52;10.8;9.7;8.95;9.19;7.66;6.84;8.75;6.3;5.92;6.77;4.68;4.27;5.22;4.12;3.98;4.3;4.26;4.3;4.56;12.7;12.88;12.48;8.76;8.85;8.65;8.15;7.7;8.73;8.58;8.47;8.72;8.69;8.34;9.12;7.74;7.61;7.91;6.19;6.1;6.41;4.52;4.21;4.91
14226;7742;6484;14717;7783;6934;14449;7594;6855;14681;8405;6276;13906;7675;6231;13772;7773;5999;14040;7859;6181;13741;7693;6048;13958;7819;6139;14251;7975;6276;14303;8034;6269;13989;8005;5984;13621;7658;5963;13544;7626;5918;13734;7600;6134;13750;7556;6194
2249;1240;1009;1568;819;749;1310;680;630;1124;575;549;876;454;422;645;332;313;579;313;266;586;310;276;1773;1007;766;1249;706;543;1166;619;547;1200;678;522;1183;639;544;1048;580;468;850;457;393;622;318;304
Nove Mesto nad Vahom
13.5;13.63;12.43;12.89;13.68;12.1;11.32;12.7;10.47;9.81;9.1;10.75;5.77;5.41;6.23;4.73;4.32;5.28;3.89;3.48;4.41;4.63;4.14;5.29;9.62;10.6;9.4;7.63;7.48;7.83;7.99;7.51;8.62;8.8;8.11;9.73;8.52;7.74;9.53;7.69;7.1;8.58;6.32;5.67;7.14;4.75;4.3;5.64
31786;16554;15232;31697;16774;14923;31188;16516;14672;30609;16532;14077;31777;17746;14031;31029;17648;13381;31335;17744;13591;30767;17482;13285;31369;17715;13654;31648;17892;13756;31512;17917;13595;31256;18056;13200;32263;18205;14058;31637;17867;13770;32093;17853;14240;32028;17727;14301
4149;2256;1893;4086;2294;1792;3530;1994;1536;3002;1489;1513;1834;960;874;1469;763;706;1218;618;600;1426;723;703;3017;1783;1234;2415;1338;1077;2517;1345;1172;2749;1465;1284;2749;1409;1340;2434;1253;1181;2029;1012;1017;1521;715;806
Partizanske
18.34;21.4;15.6;15.85;19.9;12.31;12.36;14.21;10.11;11.69;12.14;11.9;11.18;11.14;11.24;8.34;7.95;8.8;6.86;6.53;7.25;7.41;7.14;7.73;12.75;13.27;12.14;12.27;12.82;11.64;12.85;13.36;12.26;14.9;13.78;14.47;13.34;12.57;14.35;11.39;10.67;12.34;9.4;8.61;10.4;6.54;5.94;7.29
24564;13490;11074;24873;12995;11878;25898;14223;11675;25435;14469;10966;23778;12779;10999;23485;12758;10727;23660;12666;10994;23231;12468;10763;23107;12309;10798;23438;12562;10876;23658;12751;10907;23577;12986;10591;23037;13059;9978;23120;13130;9990;23110;12946;10164;22937;12782;10155
4506;2838;1668;3943;2481;1462;3201;2021;1180;2973;1757;1216;2659;1423;1236;1958;1014;944;1624;827;797;1722;890;832;2945;1634;1311;2876;1610;1266;3040;1703;1337;3322;1789;1533;3073;1641;1432;2634;1401;1233;2172;1115;1057;1499;759;740
Povazska Bystrica
15;15.27;14.69;14.35;15.15;13.46;12.76;12.58;12.97;8.71;7.8;9.89;8.47;7.58;9.57;6.29;4.96;8.4;5.34;4.31;6.66;6.6;5.45;8.4;13.55;14;12.97;12.49;12.3;13.8;12.61;11.96;13.47;12.63;11.71;13.89;11.53;10.87;12.38;10.53;9.78;11.51;8.7;7.33;8.98;6.42;5.65;7.37
33589;18032;15557;32710;17165;15545;32993;17600;15393;32062;17981;14081;31416;17418;13998;30760;17431;13329;31328;17558;13770;30578;17059;13519;31052;17423;13629;31828;17993;13835;32165;18256;13909;32149;18481;13668;32254;18207;14047;31946;18002;13944;32088;17805;14283;31874;17584;14290
5039;2753;2286;4693;2601;2092;4210;2214;1996;2794;1402;1392;2661;1321;1340;1935;864;1071;1674;757;917;2017;930;1087;4207;2440;1767;3974;2165;1809;4057;2184;1873;4062;2164;1898;3719;1980;1739;3365;1760;1605;2588;1305;1283;2046;993;1053
Prievidza
14.5;15.69;12.23;12.54;14.1;10.84;10.75;11.54;9.82;9.41;8.58;10.41;8.9;7.98;9.99;7.17;6.4;8.55;6.38;5.33;7.62;6.34;5.37;7.47;11.16;10.41;12.4;12.5;10.71;13.63;12.88;11.9;14.2;12.97;11.78;14.46;13.9;12.4;15.82;12.47;10.64;14.84;10.37;8.71;12.45;8.13;6.77;9.79
70082;36952;33130;70789;36727;34062;69959;37847;32112;68887;37539;31348;68760;37243;31517;68501;37556;30945;69959;37969;31990;68576;37039;31537;69477;37617;31860;69324;37534;31790;70693;38250;32443;70830;39183;31647;68981;38801;30180;68846;38826;30020;69707;38700;31007;69307;38121;31186
9849;5798;4051;8874;5180;3694;7519;4367;3152;6482;3220;3262;6121;2971;3150;4912;2267;2645;4461;2022;2439;4345;1990;2355;7751;3915;3836;8353;4019;4334;9102;4552;4550;9189;4614;4575;9586;4813;4773;8588;4133;4455;7228;3369;3859;5635;2582;3053
Puchov
11.97;13.2;10.49;9.5;10.83;7.98;8.88;9.48;8.19;6.85;6.95;6.73;5.3;4.8;5.34;3.84;3.55;4.22;3.83;3.5;4.26;3.92;3.75;4.15;8.42;8.91;7.78;7.51;6.92;8.28;7.25;6.69;7.97;8.31;6.84;10.3;8.2;7.32;9.37;7.15;6.6;8.57;5.69;4.89;6.7;4.43;3.84;5.17
22666;12370;10296;23412;12471;10941;22377;11927;10450;22371;12427;9944;22860;12804;10056;22443;12846;9597;22904;12961;9943;22493;12808;9685;22963;12972;9991;22981;13014;9967;22982;13012;9970;22850;13145;9705;22843;12977;9866;22472;12731;9741;22777;12770;10007;22780;12694;10086
2713;1633;1080;2224;1351;873;1987;1131;856;1533;864;669;1151;614;537;861;456;405;878;454;424;882;480;402;1933;1156;777;1726;901;825;1666;871;795;1899;899;1000;1874;950;924;1607;772;835;1295;625;670;1009;488;521
Trencin
6.98;8.17;5.63;5.19;6.13;4.17;5.73;6.5;5.36;4.95;4.9;5;3.54;3.35;3.75;2.45;2.31;2.63;2.25;1.94;2.61;2.88;2.51;3.32;7.12;7.15;7.9;7.25;7;7.54;7.72;6.94;8.64;9.13;8.22;10.25;8.79;7.74;10.11;7.82;7.13;8.68;6.22;5.54;7.5;4.46;3.98;5.2
52503;27852;24651;56976;29614;27362;52121;28220;23901;55129;29373;25756;56437;30361;26076;56091;30770;25321;57183;31028;26155;56506;30857;25649;57621;31142;26479;57335;31049;26286;57919;31419;26500;57866;31996;25870;56057;31267;24790;56143;31288;24855;56896;31221;25675;56717;30930;25787
3663;2276;1387;2956;1815;1141;2989;1708;1281;2727;1439;1288;1997;1018;979;1375;710;665;1284;602;682;1628;776;852;4105;2227;1878;4155;2174;1981;4469;2180;2289;5282;2630;2652;4925;2419;2506;4390;2232;2158;3539;1730;1809;2527;1232;1295
Komarno
26.61;25.56;27.9;25.89;25.7;26.1;21.41;21.14;21.74;13.71;13;14.61;9.69;9.38;10.8;8.41;7.79;9.17;7.36;6.41;8.57;8.48;7.14;10.2;15.5;13.89;16.56;16.34;15.11;17.95;17.53;15.42;20.25;19.15;17.18;21.66;17.69;15.83;20;15.48;13.55;17.85;13.26;11.4;15.45;9.11;7.42;11.11
55671;30715;24956;55134;29197;25937;53532;29370;24162;52207;29144;23063;50325;28093;22232;47555;26281;21274;48462;27151;21311;49317;27679;21638;51695;29230;22465;51775;29341;22434;52466;29579;22887;54203;30343;23860;53739;29807;23932;54686;30139;24547;54517;29436;25081;54399;29511;24888
14813;7851;6962;14273;7503;6770;11462;6209;5253;7159;3790;3369;4877;2636;2241;3997;2046;1951;3567;1741;1826;4182;1975;2207;7781;4061;3720;8462;4434;4028;9195;4560;4635;10380;5213;5167;9504;4717;4787;8466;4085;4381;7229;3355;3874;4955;2189;2766
Levice
25.92;26.63;25.12;25.9;26.94;24.74;22.86;22.4;23.44;19;17.62;20.62;15.65;14.48;17.4;14.4;12.44;15.87;11.73;9.97;13.8;11.53;9.64;13.78;14.62;12.91;16.71;14.55;12.65;16.88;16;13.88;18.59;15.7;13.82;17.97;13.8;11.64;16.53;12.91;10.74;15.59;10.73;8.96;12.84;8.63;6.95;10.67
60263;31885;28378;59181;30969;28212;57650;32345;25305;56081;30193;25888;57074;31059;26015;55100;29474;25626;55868;30267;25601;56521;30684;25837;58485;32134;26351;57086;31482;25604;56408;31042;25366;57925;31722;26203;56513;31543;24970;56209;31123;25086;56086;30462;25624;55664;30545;25119
15619;8490;7129;15325;8344;6981;13176;7244;5932;10658;5319;5339;8930;4498;4432;7735;3668;4067;6551;3019;3532;6519;2958;3561;8553;4149;4404;8306;3984;4322;9026;4310;4716;9092;4384;4708;7801;3673;4128;7255;3344;3911;6018;2728;3290;4802;2122;2680
Nitra
17.89;18.76;16.9;15.55;16.42;14.6;15.36;15.22;15.54;12.16;12.1;12.33;8.73;8.13;9.46;5.83;5.4;6.32;3.94;3.56;4.39;4.32;3.93;4.8;7.71;7.6;7.84;7.52;7.1;8.6;9;8.22;9.99;10.37;9.42;11.54;9.48;8.56;10.63;8.64;7.75;9.75;7.32;6.26;8.58;5.22;4.4;6.19
76668;40667;36001;82931;43062;39869;73842;40815;33027;76026;40164;35862;80169;43756;36413;79189;42375;36814;80532;43829;36703;81898;44770;37128;84606;46977;37629;81644;45735;35909;80775;45006;35769;83595;46250;37345;82825;46094;36731;82327;45492;36835;82628;44696;37932;82604;45104;37500
13713;7628;6085;12892;7070;5822;11344;6212;5132;9247;4825;4422;7000;3557;3443;4617;2289;2328;3170;1559;1611;3540;1759;1781;6519;3568;2951;6143;3249;2894;7272;3700;3572;8669;4358;4311;7851;3945;3906;7117;3525;3592;6051;2796;3255;4308;1986;2322
Nove Zamky
25.58;24.89;26.35;23.15;22.4;23.97;19.99;19.41;20.67;16.3;14.52;17.91;12.32;10.73;14.31;10.5;8.61;11.79;7.13;5.8;8.78;7.45;6.6;9.21;12.71;11.53;14.23;12.48;11.7;14.32;14.65;12.61;17.32;15.12;12.77;18.13;12.49;10.2;15.39;10.85;8.66;13.58;10.16;8.17;12.53;6.96;5.5;9.29
73413;38877;34536;75663;39704;35959;72369;39444;32925;71350;39439;31911;70913;39316;31597;68633;37501;31132;69668;38643;31025;70867;39442;31425;72347;40959;31388;71147;40436;30711;71050;40244;30806;73605;41303;32302;72085;40288;31797;72362;40166;32196;71433;38869;32564;71224;39184;32040
18777;9677;9100;17513;8892;8621;14463;7658;6805;11440;5725;5715;8740;4219;4521;6897;3228;3669;4968;2243;2725;5282;2389;2893;9192;4724;4468;8876;4478;4398;10412;5075;5337;11132;5276;5856;9003;4108;4895;7852;3480;4372;7256;3176;4080;4956;1979;2977
Sala
22.49;21.53;23.61;20.55;19.3;22;17.53;16.35;18.93;14.2;12.51;16.16;12.93;10.54;15.97;10.8;7.96;12.66;7.93;6.22;10.9;6.93;5.17;9.19;9.79;8.9;12.6;10.11;7.96;13.1;11.91;8.98;15.8;11.5;8.95;14.82;9.82;7.34;12.94;8.53;6.61;10.95;7.99;5.74;10.68;5.36;3.44;7.73
25679;13868;11811;28093;15078;13015;25899;14026;11873;25294;13571;11723;26428;14785;11643;26209;14418;11791;26719;14887;11832;27163;15268;11895;27893;15928;11965;26834;15411;11423;26560;15171;11389;27465;15524;11941;26934;15007;11927;26611;14791;11820;26374;14390;11984;26418;14621;11797
5774;2986;2788;5773;2910;2863;4540;2293;2247;3593;1698;1895;3418;1559;1859;2641;1148;1493;2120;926;1194;1883;790;1093;2732;1289;1443;2713;1227;1486;3163;1363;1800;3159;1389;1770;2645;1102;1543;2271;977;1294;2106;826;1280;1415;503;912
Topolcany
18.12;21.2;14.73;15.65;18.7;12.24;13.97;15.39;12.14;12.65;13.34;11.85;10.13;9.94;10.37;7.75;7.45;8.11;6.56;6.16;7.4;7.1;6.44;7.7;11.32;11.2;11.48;11;11.39;10.52;11.61;11.77;11.42;12.8;12.85;12.75;12.41;11.77;13.27;11.8;10.25;12.17;9.21;8.7;10.62;7.1;6.19;8.25
37689;20304;17385;37710;19894;17816;34035;19166;14869;33661;18108;15553;35447;19509;15938;35221;18923;16298;36134;19598;16536;36850;20027;16823;38090;20979;17111;37269;20722;16547;37011;20575;16436;37897;21024;16873;38145;21758;16387;37885;21422;16463;38164;21057;17107;38020;21158;16862
6828;4268;2560;5901;3721;2180;4755;2950;1805;4259;2416;1843;3591;1939;1652;2731;1409;1322;2371;1207;1164;2585;1290;1295;4313;2349;1964;4101;2360;1741;4298;2421;1877;4852;2701;2151;4735;2561;2174;4199;2196;2003;3515;1699;1816;2701;1310;1391
Zlate Moravce
25.99;27.66;24.9;26.98;27.54;26.34;22.75;22.21;23.45;15.78;14.23;17.81;11.12;9.91;12.68;7.71;6.51;9.2;5.99;5.37;6.8;6.93;5.48;8.86;11.52;9.84;13.8;10.31;9.22;11.78;11.52;10.9;13.45;13.26;11.69;15.37;11.63;10.4;13.8;10.41;8.66;12.77;8.62;7.37;10.23;5.65;4.46;7.22
21943;11697;10246;21299;11404;9895;20748;11626;9122;21059;11951;9108;20259;11418;8841;19336;10715;8621;19301;10899;8402;19540;11133;8407;20167;11596;8571;19920;11463;8457;19415;11150;8265;20006;11463;8543;20824;12031;8793;20638;11854;8784;20672;11617;9055;20537;11656;8881
5703;3235;2468;5747;3141;2606;4721;2582;2139;3323;1701;1622;2253;1132;1121;1491;698;793;1156;585;571;1355;610;745;2324;1141;1183;2053;1057;996;2237;1125;1112;2653;1340;1313;2421;1208;1213;2149;1027;1122;1782;856;926;1161;520;641
Bytca
15.4;16.27;13.49;14.2;15.6;12.82;15.95;16.8;15.8;14.37;12.5;17.52;12.75;9.93;16.48;8.71;6.81;11.33;7.38;6.11;9.15;8.8;7.39;10.74;15.82;13.55;19.7;14.87;12.82;17.85;15.15;13.74;17.7;16.62;15.16;18.7;15.71;14.66;17.16;14.3;13.25;15.75;11.1;10.63;11.77;8.76;7.69;10.27
15692;8752;6940;14979;7999;6980;14143;7850;6293;13872;7977;5895;13734;7823;5911;13524;7829;5695;13833;8042;5791;13666;7938;5728;14128;8318;5810;14477;8560;5917;14330;8274;6056;14474;8527;5947;14686;8522;6164;14534;8450;6084;14429;8523;5906;14725;8621;6104
2360;1424;936;2100;1205;895;2256;1262;994;1994;961;1033;1751;777;974;1178;533;645;1021;491;530;1202;587;615;2235;1127;1108;2153;1097;1056;2171;1137;1034;2405;1293;1112;2307;1249;1058;2078;1120;958;1601;906;695;1290;663;627
Cadca
17.26;18.8;16.14;14.86;15.78;13.8;11.93;11.97;11.88;10.76;8.11;14.4;9.59;6.58;13.48;7.18;4.79;10.34;5.37;3.95;7.27;6.5;4.42;8.27;11.12;10.5;12.6;11.4;9.46;13.27;12.36;10.29;15.2;13.64;11.14;17.12;13.72;12.2;16.4;12.37;10.94;14.33;10.1;8.44;12.47;7.17;5.65;9.29
43065;24867;18198;46324;24762;21562;44594;24850;19744;42902;24819;18083;41210;23222;17988;40983;23361;17622;41807;24008;17799;41444;23938;17506;42632;24801;17831;43012;25234;17778;42171;24386;17785;43044;25099;17945;44180;25563;18617;44629;25827;18802;44692;26202;18490;46031;26731;19300
7435;4497;2938;6884;3908;2976;5319;2974;2345;4617;2013;2604;3952;1527;2425;2941;1119;1822;2243;949;1294;2506;1059;1447;4739;2492;2247;4747;2388;2359;5213;2509;2704;5870;2797;3073;6060;3073;2987;5520;2825;2695;4516;2211;2305;3302;1509;1793
Dolny Kubin
22.55;23.32;21.57;19.6;20.34;17.67;17.11;17.72;16.32;13.67;12.4;15.29;12.3;11.11;13.18;8.92;7.49;10.78;7.5;5.77;8.73;8.68;7.17;10.65;14.58;15.14;13.84;13.87;14.39;13.16;14.74;14.69;14.81;15.46;15.25;15.74;14.21;13.87;14.68;12.65;12.37;13.2;10.79;9.75;12.2;8.6;8.21;9.1
17991;10122;7869;19666;10224;9442;19502;10912;8590;18714;10459;8255;17866;9883;7983;17637;9934;7703;17949;10162;7787;17629;9961;7668;18239;10343;7896;18558;10726;7832;18215;10461;7754;18420;10703;7717;19307;11105;8202;19361;11022;8339;19296;11109;8187;19867;11263;8604
4057;2360;1697;3748;2080;1668;3336;1934;1402;2559;1297;1262;2150;1098;1052;1574;744;830;1266;586;680;1531;714;817;2659;1566;1093;2574;1543;1031;2685;1537;1148;2847;1632;1215;2744;1540;1204;2449;1363;1086;2082;1083;999;1708;925;783
Kysucke Nove Mesto
20.27;20.1;20.6;18.79;19.12;18.42;15.12;13.52;17.1;13.11;9.71;17.76;12.7;8.64;16.37;9.13;6.31;12.86;7.26;5.7;9.34;8.6;6.63;9.99;13.42;12.7;15.32;12.23;10.99;14.1;13.9;11.9;14.74;15.14;13.83;17.4;14.23;13.28;15.53;12.28;11.75;13;9.97;8.71;11.72;7.88;6.6;9.6
15931;8990;6941;17172;9057;8115;17181;9477;7704;16403;9472;6931;15267;8500;6767;15160;8635;6525;15464;8872;6592;15285;8787;6498;15710;9168;6542;15905;9366;6539;15517;9010;6507;15611;9219;6392;16689;9637;7052;16986;9763;7223;16924;9862;7062;17378;9994;7384
3229;1799;1430;3227;1732;1495;2598;1281;1317;2151;920;1231;1842;734;1108;1384;545;839;1122;506;616;1232;583;649;2109;1107;1002;1945;1029;916;2031;1072;959;2364;1275;1089;2375;1280;1095;2086;1147;939;1687;859;828;1369;660;709
Liptovsky Mikulas
15.26;16.86;13.47;14.74;16.24;13.14;15.6;15.53;14.44;11.99;12.27;11.7;9.35;8.58;10.28;7.49;6.4;8.85;5.49;4.88;6.24;6.51;5.96;7.2;11.7;10.2;12.17;11.18;10.54;12.1;12.67;12.13;13.34;13.92;13.42;14.57;13.84;13.49;14.3;12.4;11.76;12.4;9.5;9.16;9.94;8.25;7.99;8.59
37336;19682;17654;38062;19691;18371;35988;20325;15663;35250;18106;17144;36818;20066;16752;36683;20306;16377;37816;20927;16889;37508;20957;16551;38621;21536;17085;38795;21772;17023;38088;21075;17013;38759;21844;16915;35526;20013;15513;36245;20192;16053;35947;20347;15600;37058;20681;16377
5697;3319;2378;5612;3198;2414;5418;3156;2262;4226;2221;2005;3444;1722;1722;2749;1300;1449;2075;1021;1054;2441;1250;1191;4276;2197;2079;4339;2294;2045;4827;2557;2270;5397;2932;2465;4918;2700;2218;4365;2374;1991;3414;1863;1551;3058;1652;1406
Martin
16.2;16.67;15.6;15.56;16.86;14.18;13.43;13.19;13.73;11.53;10.81;12.33;8.9;7.88;10.1;6.31;5.28;7.56;5.13;4.7;6.43;5.22;4.35;6.31;10.12;9.97;10.32;9.15;8.67;9.76;9.61;8.99;10.38;9.69;9.8;10.46;10.13;9.81;10.55;8.34;7.75;9.7;6.17;5.26;7.34;4.71;4.21;5.33
52095;28810;23285;50598;26041;24557;48839;27572;21267;46860;24542;22318;47249;25442;21807;46842;25680;21162;47601;26240;21361;47242;26221;21021;48641;26902;21739;48791;27474;21317;47324;26266;21058;47888;26863;21025;44813;25127;19686;47124;26088;21036;46732;26233;20499;48325;26711;21614
8437;4804;3633;7873;4390;3483;6557;3636;2921;5405;2654;2751;4207;2004;2203;2956;1357;1599;2441;1068;1373;2466;1140;1326;4924;2681;2243;4462;2382;2080;4547;2362;2185;4638;2439;2199;4541;2465;2076;3929;2022;1907;2883;1379;1504;2276;1124;1152
Namestovo
18.99;19.61;18.19;14.64;17.1;11.83;12.22;14.1;9.94;10.41;7.71;15.12;9.77;7.12;13.79;7.73;5.19;11.7;6.93;4.68;10.51;7.4;4.62;11.87;13.39;11.42;16.54;13.58;11.72;16.6;15.43;12.92;19.42;16.82;13.62;22.1;14.71;12.3;18.32;12.53;10.4;15.73;9.34;7.12;12.76;6.39;4.58;9.14
24374;13787;10587;26117;14144;11973;25008;13715;11293;24187;15363;8824;22283;13445;8838;22037;13447;8590;22648;13900;8748;22645;13974;8671;23436;14417;9019;23722;14682;9040;23357;14361;8996;23947;14814;9133;27407;16437;10970;27097;16259;10838;26909;16356;10553;27440;16545;10895
4629;2703;1926;3823;2406;1417;3057;1934;1123;2518;1184;1334;2176;957;1219;1703;698;1005;1569;650;919;1675;646;1029;3138;1646;1492;3222;1721;1501;3603;1856;1747;4028;2018;2010;4032;2022;2010;3396;1691;1705;2512;1165;1347;1754;758;996
Ruzomberok
17.3;19.23;14.58;17.13;18.75;15.34;15.11;14.97;15.28;12.79;12.19;13.5;10.56;9.39;12.4;8.51;6.62;10.98;6.68;5.47;8.24;7.3;5.93;9.8;11.12;10.36;12.11;11.17;10.61;11.92;12.27;11.52;13.27;13.35;12.53;14.46;13.92;13.37;14.63;11.87;11.48;12.38;9.98;9.4;11.26;8.76;8.58;9
31104;16355;14749;29899;15698;14201;29309;16445;12864;27691;15058;12633;27828;15494;12334;27391;15517;11874;28064;15818;12246;27815;15721;12094;28603;16244;12359;28472;16374;12098;28074;15976;12098;28474;16436;12038;26989;15372;11617;27203;15403;11800;27154;15603;11551;28082;15913;12169
5296;3145;2151;5122;2944;2178;4428;2462;1966;3541;1835;1706;2940;1455;1485;2332;1028;1304;1874;865;1009;2030;932;1098;3180;1683;1497;3180;1738;1442;3446;1840;1606;3800;2059;1741;3756;2056;1700;3229;1768;1461;2711;1410;1301;2461;1366;1095
Turcianske Teplice
17.54;18.63;16.18;17.9;19.24;16.34;17.5;19.3;15.61;14.95;14.64;15.35;12.85;12.36;13.49;9.94;8.74;11.55;8.26;7.22;9.67;7.71;7.19;8.42;11.89;12.72;10.76;11.47;10.93;12.24;12.73;11.73;14.11;14.22;13.85;14.74;14.18;14.41;13.86;12.6;11.69;13.82;9.29;8.74;10.3;6.95;6.47;7.57
8922;4960;3962;8409;4511;3898;8224;4535;3689;8088;4570;3518;8002;4539;3463;8011;4599;3412;8170;4694;3476;8091;4645;3446;8299;4796;3503;8231;4858;3373;8039;4679;3360;8152;4781;3371;7929;4545;3384;8069;4609;3460;8066;4655;3411;8263;4695;3568
1565;924;641;1505;868;637;1439;863;576;1209;669;540;1028;561;467;796;402;394;675;339;336;624;334;290;987;610;377;944;531;413;1023;549;474;1159;662;497;1124;655;469;1017;539;478;749;407;342;574;304;270
Tvrdosin
21.1;21.76;19.99;16.51;19.15;13.59;13.47;14.44;12.21;11.74;10.93;12.83;10.74;10.55;10.98;7.96;8;7.92;7.13;7.6;7.22;8.58;8.53;8.65;13.2;14.16;11.87;13.2;14.21;11.33;13.73;14.34;12.88;14.2;14.11;13.9;13.6;13.9;13.18;11.18;11.44;10.81;8.74;8.92;8.49;6.78;6.76;6.8
15415;8813;6602;17334;9090;8244;16858;9521;7337;16054;9196;6858;15200;8550;6650;15107;8651;6456;15501;8952;6549;15383;8941;6442;15985;9277;6708;16182;9476;6706;15867;9242;6625;15967;9428;6539;17318;10105;7213;17322;10025;7297;17210;10096;7114;17726;10260;7466
3238;1918;1320;2861;1741;1120;2271;1375;896;1885;1005;880;1632;902;730;1203;692;511;1105;632;473;1320;763;557;2110;1314;796;2107;1347;760;2178;1325;853;2239;1330;909;2356;1405;951;1936;1147;789;1505;901;604;1202;694;508
Zilina
12.59;13.8;11.1;10.79;12.17;9.28;10.8;9.94;10.27;7.97;7.16;8.95;6.27;5.23;7.53;4.64;3.58;5.99;3.44;2.75;4.32;3.86;3.2;4.74;7.38;7.2;7.86;8.41;8.5;8.9;9.44;8.52;10.62;9.93;8.83;11.39;9.45;8.61;10.56;8.54;7.79;9.5;7.72;6.78;8.97;6.8;5.33;7.5
80550;44610;35940;80117;41799;38318;73526;41459;32067;72899;39711;33188;72385;39783;32602;71961;40438;31523;74122;41832;32290;74032;42198;31834;76403;43338;33065;75501;43312;32189;74010;41831;32179;75904;43443;32461;75788;42986;32802;76215;42686;33529;76097;43328;32769;79144;44440;34704
10143;6155;3988;8645;5089;3556;7414;4120;3294;5813;2842;2971;4535;2079;2456;3337;1449;1888;2547;1152;1395;2858;1349;1509;5640;3042;2598;6351;3485;2866;6983;3565;3418;7534;3836;3698;7163;3699;3464;6511;3325;3186;5877;2939;2938;4815;2369;2446
Banska Bystrica
11.44;11.14;11.78;10.55;10.89;10.2;10.72;9.85;11.77;8.68;8.48;8.88;7.4;6.84;7.99;5.54;5.2;6.11;4.33;3.77;4.98;4.4;3.86;5.3;8.43;8.64;8.19;8.95;8.89;9.2;9.56;9.71;9.41;9.82;10.3;9.6;9.22;9.54;8.89;8.9;8.91;8.88;8;7.95;8.6;6.25;5.7;6.83
53458;28496;24962;57577;28884;28693;49239;27023;22216;53569;26272;27297;52724;27306;25418;54879;28680;26199;57576;30703;26873;56791;30432;26359;57967;30476;27491;57323;30389;26934;57548;29751;27797;58827;30097;28730;59840;30551;29289;58292;29686;28606;58903;30068;28835;59335;30274;29061
6115;3174;2941;6072;3146;2926;5277;2663;2614;4652;2229;2423;3899;1867;2032;3041;1441;1600;2493;1156;1337;2501;1174;1327;4885;2634;2251;5131;2701;2430;5504;2888;2616;5777;3019;2758;5520;2915;2605;5186;2646;2540;4714;2391;2323;3711;1727;1984
Banska Stiavnica
20.37;22.1;18.31;19.93;22.8;17.64;19.98;19.63;20.41;17.33;17.62;17.3;18.18;17.26;19.22;15.43;12.5;19.22;13.36;10.44;16.66;14.89;12.4;17.72;16.92;14.91;19.12;17.1;15.6;18.75;19.3;17.5;21.21;18.46;16.99;19.99;18.5;17.33;19.79;17.51;16.31;18.84;16;14.12;18.1;13.21;10.86;15.82
7860;4267;3593;8279;4266;4013;7741;4233;3508;7634;3917;3717;7427;3951;3476;7610;4025;3585;7816;4148;3668;7880;4200;3680;8119;4238;3881;8160;4288;3872;8102;4160;3942;8281;4214;4067;8290;4328;3962;8121;4279;3842;8177;4327;3850;8199;4319;3880
1601;943;658;1650;942;708;1547;831;716;1323;690;633;1350;682;668;1174;485;689;1044;433;611;1173;521;652;1374;632;742;1395;669;726;1564;728;836;1529;716;813;1534;750;784;1422;698;724;1308;611;697;1083;469;614
Brezno
22.24;20.95;23.7;23.71;22.89;24.64;22.35;22.11;22.62;18.6;15.87;20.78;15.4;12.88;17.68;13.3;10.57;16.68;10.81;8.11;14.27;11.35;8.94;14.44;18.36;17.31;19.68;18;16.13;20.43;18.41;17.8;20.5;19.15;17.73;20.87;15.97;14.59;17.59;13.41;11.94;15.12;12.52;11.17;14.1;9.84;7.85;12.15
35960;19063;16897;32475;17274;15201;31959;16661;15298;31906;17708;14198;30600;16807;13793;30043;16606;13437;30343;17063;13280;30082;16901;13181;30070;16778;13292;30943;17469;13474;31153;17182;13971;31541;17255;14286;32390;17442;14948;31057;16735;14322;30631;16514;14117;30922;16640;14282
7998;3994;4004;7700;3954;3746;7144;3683;3461;5761;2811;2950;4602;2164;2438;3996;1755;2241;3279;1384;1895;3414;1511;1903;5520;2904;2616;5571;2818;2753;5735;2934;2801;6041;3060;2981;5174;2544;2630;4164;1998;2166;3835;1845;1990;3042;1307;1735
Detva
21.26;21.14;21.41;26.14;27.24;24.87;23.36;24.74;21.8;18.7;17.14;20.61;18.14;15.42;21.56;14.61;11.57;18.35;11.95;9.54;14.97;13.26;11.14;15.88;20.63;19.99;21.43;16.16;14.39;18.45;16.68;14.62;19.17;19.18;17.65;21;14.4;11.94;16.51;14.57;12.55;16.93;12.92;11.52;14.55;11.22;9.36;13.42
18058;9925;8133;16534;8855;7679;16492;8752;7740;16244;8948;7296;15555;8659;6896;15740;8692;7048;15921;8875;7046;15750;8708;7042;15773;8755;7018;16419;9252;7167;16062;8801;7261;16030;8695;7335;16862;9123;7739;16086;8687;7399;16074;8687;7387;16224;8802;7422
3839;2098;1741;4322;2412;1910;3852;2165;1687;3038;1534;1504;2822;1335;1487;2299;1006;1293;1902;847;1055;2088;970;1118;3254;1750;1504;2653;1331;1322;2679;1287;1392;3075;1535;1540;2367;1089;1278;2343;1090;1253;2076;1001;1075;1820;824;996
Krupina
21.44;23.6;19.42;24.8;27.56;21.64;23.6;26.63;20.5;19.95;20.2;19.63;18.59;18.31;18.94;16.55;15.33;18.9;13.8;12.78;15.11;13.89;13.25;14.72;22.43;23.36;21.28;19.95;20.9;18.71;20.49;21.62;19.7;21.22;22.34;19.84;16.55;17.36;15.58;16.95;17.56;16.21;12.18;12.3;12.4;9.55;8.79;10.46
12566;6970;5596;10877;5790;5087;10790;5813;4977;10686;6051;4635;10221;5706;4515;10258;5719;4539;10348;5814;4534;10270;5759;4511;10276;5703;4573;10433;5895;4538;10639;5924;4715;10734;5940;4794;11660;6384;5276;10885;5968;4917;10870;5945;4925;10812;5880;4932
2694;1607;1087;2697;1596;1101;2546;1548;998;2132;1222;910;1900;1045;855;1698;877;821;1428;743;685;1427;763;664;2305;1332;973;2081;1232;849;2180;1281;899;2278;1327;951;1930;1108;822;1845;1048;797;1324;731;593;1033;517;516
Lucenec
27.77;28.13;27.33;28.2;30.2;26.7;25;25.4;24.54;21.44;19.16;24.47;20.26;19.34;21.31;19.8;19.7;20.64;17.53;15.96;19.41;17.96;16.3;19.95;23.29;23.53;23.1;23.2;22.68;23.83;24.28;24.28;24.27;25.59;25.72;25.43;21.56;21.82;21.28;20.8;19.93;20.24;17.53;17.44;17.64;15.26;14.12;16.49
36976;20317;16659;35343;18226;17117;36783;19931;16852;36725;20963;15762;35208;18813;16395;34018;18201;15817;33404;18232;15172;33235;18110;15125;32873;17652;15221;33411;18295;15116;33462;17890;15572;33957;18035;15922;35094;18407;16687;35132;18381;16751;34932;18207;16725;34707;18027;16680
10269;5716;4553;9966;5504;4462;9197;5062;4135;7874;4017;3857;7133;3639;3494;6735;3471;3264;5855;2910;2945;5970;2952;3018;7657;4154;3503;7751;4149;3602;8124;4344;3780;8688;4639;4049;7568;4017;3551;7054;3663;3391;6125;3175;2950;5295;2545;2750
Poltar
26.14;26.48;25.72;23.5;25.9;21.7;26.32;27.42;25.7;24.43;22.2;27.33;20.86;19.49;22.55;19.37;17.83;21.28;16.5;14.41;19.2;17.67;16.24;19.51;23.59;23.74;23.4;22.6;21.69;22.54;23.88;23.34;24.56;27.43;27.82;26.94;25.6;26.77;24.24;23.57;24.8;22.97;20.87;20.78;20.97;17.51;17.19;17.87
11424;6281;5143;11639;6177;5462;11530;6141;5389;11436;6463;4973;11276;6234;5042;11281;6248;5033;11016;6203;4813;10936;6159;4777;11055;6170;4885;11410;6455;4955;11394;6366;5028;11601;6430;5171;11217;6040;5177;10869;5880;4989;10706;5765;4941;10550;5642;4908
2986;1663;1323;2735;1550;1185;3035;1684;1351;2794;1435;1359;2352;1215;1137;2185;1114;1071;1818;894;924;1932;1000;932;2608;1465;1143;2517;1400;1117;2721;1486;1235;3182;1789;1393;2872;1617;1255;2562;1416;1146;2234;1198;1036;1847;970;877
Revuca
35.06;35.49;34.57;34.94;35.19;34.65;29.76;29.66;29.86;28.41;25.89;31.82;28.7;26.84;29.54;25.91;23.24;29.16;25.8;21.76;30.81;25.57;21.36;30.8;30.5;29.75;30.41;28.83;27.78;30.11;30.79;28.73;33.27;32.55;31.26;34.07;29.55;27.92;31.35;26.82;26.34;27.37;19.97;19.36;20.66;22.6;19.46;26.8
20578;10982;9596;20606;10792;9814;22846;12124;10722;21745;12516;9229;20985;11435;9550;20526;11278;9248;20172;11167;9005;20111;11146;8965;20072;10788;9284;20725;11453;9272;20589;11255;9334;20705;11184;9521;19815;10385;9430;19278;10228;9050;19028;10088;8940;18924;9963;8961
7214;3897;3317;7199;3798;3401;6798;3596;3202;6178;3241;2937;5890;3069;2821;5318;2621;2697;5204;2430;2774;5142;2381;2761;6032;3209;2823;5974;3182;2792;6339;3234;3105;6740;3496;3244;5855;2899;2956;5171;2694;2477;3800;1953;1847;4276;1939;2337
Rimavska Sobota
35.45;37.66;32.83;37.22;41.1;32.99;30.64;32.14;28.82;28.66;26.24;32.03;29.24;28.74;29.82;28.34;27.61;29.18;27.5;25.36;29.02;26.83;25.22;28.72;33.29;34.4;32.04;33.64;33.96;33.26;34.59;34.25;34.98;35.59;35.92;35.22;31.24;31.97;30.43;29.84;30.28;29.34;27.42;27.8;27.81;24.58;23.17;26.14
40229;21860;18369;39739;20701;19038;45141;24714;20427;42542;24717;17825;41214;22004;19210;40209;21344;18865;39281;21181;18100;39092;21079;18013;37692;19982;17710;38368;20805;17563;38982;20904;18078;39748;21046;18702;41257;21692;19565;40747;21467;19280;40693;21463;19230;40369;21174;19195
14263;8232;6031;14790;8509;6281;13829;7942;5887;12194;6485;5709;12053;6325;5728;11397;5893;5504;10624;5371;5253;10490;5316;5174;12547;6873;5674;12908;7066;5842;13482;7159;6323;14146;7560;6586;12888;6935;5953;12157;6500;5657;11160;5812;5348;9922;4905;5017
Velky Krtis
33.81;35.56;31.7;35.5;38.39;32.33;30.33;31.6;28.83;26.42;25.7;28.25;25.58;25.3;25.91;21.56;19.6;23.86;19.49;17.13;22.32;19.6;16.98;21.54;23.69;23.2;24.48;23.71;22.19;25.53;24.54;23.51;25.72;25.87;25.45;26.34;23.37;22.81;24.2;22.17;20.91;23.69;18.45;17.59;19.48;13.74;12.6;15.1
22615;12369;10246;21552;11294;10258;23782;12854;10928;22675;13010;9665;21922;11825;10097;21670;11706;9964;21276;11621;9655;21138;11516;9622;20108;10898;9210;19621;10651;8970;19484;10358;9126;19627;10332;9295;22287;12031;10256;21841;11894;9947;21964;11979;9985;21789;11917;9872
7646;4398;3248;7652;4336;3316;7213;4062;3151;5991;3261;2730;5608;2992;2616;4671;2294;2377;4146;1991;2155;4028;1955;2073;4764;2509;2255;4653;2363;2290;4782;2435;2347;5077;2629;2448;5208;2744;2464;4843;2487;2356;4052;2107;1945;2993;1502;1491
Zvolen
14.3;14.24;14.37;13.8;14.33;13.24;14.39;14.11;14.73;11.96;12.17;11.77;11.33;10.47;12.3;9.19;7.89;10.68;6.82;5.6;8.25;6.59;5.7;7.64;9.39;9.4;9.79;9.24;8.56;10.3;10.94;10.7;11.89;11.69;11.13;12.3;10.38;10.5;10.75;10.55;10.25;10.87;9.32;8.81;9.87;7.85;7.14;8.64
34246;18804;15442;34981;17929;17052;31125;16878;14247;30868;15012;15856;29871;15863;14008;31247;16689;14558;33501;18127;15374;33141;17831;15310;33954;18104;15850;33401;17963;15438;33265;17417;15848;33963;17617;16346;35291;18409;16882;34313;17905;16408;34576;18102;16474;34946;18317;16629
4896;2677;2219;4827;2570;2257;4479;2381;2098;3693;1827;1866;3384;1661;1723;2872;1317;1555;2284;1016;1268;2185;1016;1169;3188;1636;1552;3086;1537;1549;3639;1754;1885;3970;1960;2010;3664;1850;1814;3620;1836;1784;3221;1595;1626;2744;1308;1436
Zarnovica
25.98;25.46;26.57;27.26;26.38;28.26;27.43;28.3;26.77;22.8;20.78;25.28;20.1;17.8;23.67;16.16;13.6;20.1;15.32;11.86;19.76;16.11;12.58;20.6;21.45;18.93;24.61;20.23;17.45;23.76;20.86;18.6;24.25;21.57;20.4;23.42;18.12;16.22;20.47;16.46;14.48;18.91;14.46;12.52;16.86;12.22;10.23;14.71
13682;7277;6405;13278;7071;6207;13451;7007;6444;13046;7184;5862;12539;6967;5572;12653;7001;5652;12320;6921;5399;12340;6914;5426;12480;6945;5535;12741;7136;5605;12681;6953;5728;12840;7007;5833;13531;7473;6058;13040;7195;5845;12962;7186;5776;12918;7165;5753
3555;1853;1702;3619;1865;1754;3689;1964;1725;2975;1493;1482;2509;1190;1319;2045;914;1131;1888;821;1067;1988;870;1118;2677;1315;1362;2577;1245;1332;2645;1256;1389;2770;1404;1366;2452;1212;1240;2147;1042;1105;1874;900;974;1579;733;846
Ziar nad Hronom
21.36;20.42;22.43;18.7;17.76;19.72;22.6;21.54;22.64;18.29;17.17;19.42;16.25;13.36;19.6;13.8;9.48;17.28;11.19;7.78;15.27;10.3;7.66;13.4;14.63;13.26;16.23;14.39;12.42;16.79;14.58;12.74;16.71;15.34;13.81;17.7;14.61;12.76;16.76;13.34;11.55;15.4;10.86;8.99;13.4;8.6;6.65;10.86
22561;12025;10536;24309;12664;11645;22793;12018;10775;22384;11290;11094;21939;11807;10132;21930;11805;10125;22868;12448;10420;22736;12306;10430;23234;12556;10678;23252;12773;10479;23140;12413;10727;23549;12473;11076;24080;12975;11105;23753;12750;11003;23788;12822;10966;23788;12806;10982
4819;2456;2363;4545;2249;2296;5028;2589;2439;4093;1938;2155;3564;1578;1986;2869;1119;1750;2559;968;1591;2341;943;1398;3398;1665;1733;3345;1586;1759;3373;1581;1792;3613;1722;1891;3517;1656;1861;3168;1473;1695;2583;1153;1430;2045;852;1193
Bardejov
23.4;24.75;21.87;24.5;25.4;22.89;19.98;20.99;18.78;17.38;15.38;19.98;15.96;13.54;19.16;14.5;11.45;17.5;13.1;10.8;17.1;15.75;12.92;19.65;22;20.74;23.76;19.43;17.97;21.53;19.89;18.23;22.2;22.35;21.13;24.1;20.39;19.15;22.9;19.6;18.62;20.92;18.43;17.27;19.99;16.79;15.33;18.74
38112;20223;17889;36454;19622;16832;37074;20120;16954;35537;20110;15427;34932;19866;15066;34412;19655;14757;35378;20420;14958;35807;20741;15066;35733;20790;14943;37787;22269;15518;37699;21922;15777;37487;21577;15910;38383;22130;16253;38827;22366;16461;38940;22270;16670;39209;22399;16810
8917;5005;3912;8767;4914;3853;7407;4223;3184;6175;3092;3083;5576;2689;2887;4834;2251;2583;4603;2059;2544;5641;2680;2961;7861;4311;3550;7342;4001;3341;7498;3996;3502;8379;4559;3820;7828;4237;3591;7609;4165;3444;7178;3845;3333;6584;3433;3151
Humenne
23.43;24.59;22.9;21.18;22.67;19.49;18.67;19.39;17.78;14.84;14.15;15.68;11.99;11.5;13.15;10.1;8.79;11.54;9.49;7.95;11.48;10.76;9.56;12.33;16.12;16.26;15.93;15.66;15.41;16;16.64;16.35;17.2;18.51;18.33;18.73;17.33;16.23;18.79;16.49;16.12;16.96;14.91;14.51;15.42;13.41;12.49;14.59
31518;16936;14582;32259;17059;15200;32336;17805;14531;31655;17323;14332;30850;17083;13767;29884;16595;13289;30635;17264;13371;31110;17684;13426;31077;17664;13413;32406;18729;13677;32559;18472;14087;32515;18279;14236;31428;17852;13576;31740;17868;13872;31825;17799;14026;32152;18071;14081
7386;4165;3221;6831;3868;2963;6037;3453;2584;4698;2451;2247;3699;1888;1811;2991;1458;1533;2907;1372;1535;3346;1690;1656;5009;2872;2137;5075;2887;2188;5417;3020;2397;6017;3351;2666;5448;2897;2551;5233;2881;2352;4745;2582;2163;4311;2257;2054
Kezmarok
29.71;31.98;27.2;31.36;34.74;27.62;25.45;27.21;23.23;25.87;24.96;27.18;24.38;23.9;25.2;22.22;21.15;23.65;19.38;17.87;21.47;19.75;18.61;21.33;25.68;25.17;26.4;26.18;26.33;25.97;28.66;28.7;28.61;30.6;30.3;30.1;27.81;28.11;27.41;25.59;25.26;26.3;23.44;23.84;22.93;20.53;20.36;20.75
33593;18235;15358;30589;16076;14513;33504;18706;14798;31427;18603;12824;30325;17353;12972;29283;16816;12467;29472;17094;12378;29675;17210;12465;28828;16791;12037;29896;17625;12271;30311;17660;12651;30735;17823;12912;32327;18391;13936;33112;18893;14219;33215;18752;14463;33165;18705;14460
9982;5832;4150;9594;5585;4009;8527;5089;3438;8129;4644;3485;7394;4148;3246;6506;3557;2949;5711;3054;2657;5862;3203;2659;7404;4226;3178;7828;4641;3187;8688;5069;3619;9238;5352;3886;8989;5169;3820;8474;4773;3701;7787;4470;3317;6809;3809;3000
Levoca
24.69;25.99;23.4;22.96;25.18;20.44;19.49;20.52;18.18;17.12;15.38;19.32;17.6;14.84;19.82;15.76;12.65;19.63;13.48;10.75;16.95;12.84;9.77;16.83;16.91;15.16;19.16;18.41;17.1;20.27;18.48;16.99;20.42;21.65;21.3;22.44;21.22;21.34;21.7;16.44;15.51;17.64;15.32;14.81;15.96;14.12;13.82;14.51
14506;8125;6381;15036;7973;7063;15268;8525;6743;14262;7952;6310;13954;7748;6206;13899;7705;6194;14276;7981;6295;14429;8161;6268;14362;8072;6290;14790;8420;6370;15023;8480;6543;15096;8477;6619;15239;8570;6669;15747;8866;6881;15602;8648;6954;15578;8678;6900
3582;2112;1470;3452;2008;1444;2975;1749;1226;2442;1223;1219;2380;1150;1230;2191;975;1216;1925;858;1067;1852;797;1055;2429;1224;1205;2723;1432;1291;2777;1441;1336;3268;1783;1485;3234;1829;1405;2589;1375;1214;2391;1281;1110;2200;1199;1001
Medzilaborce
24.44;26.86;21.64;27.6;29.81;23.65;21.96;25.2;18.32;20.59;20.31;20.97;17.1;16.48;17.94;14.44;14.36;14.56;15.36;14.3;17.27;16.71;13.49;21.33;21.76;19.62;25.3;19.4;17.65;21.86;19.84;18.1;22.2;22.31;21.31;23.65;19.72;18.59;21.25;19.95;19.57;20.47;17.3;16.45;17.81;17.51;16.83;18.45
6165;3314;2851;5754;3183;2571;6070;3302;2768;5783;3308;2475;5679;3282;2397;5511;3203;2308;5552;3271;2281;5579;3291;2288;5795;3506;2289;6037;3530;2507;6047;3480;2567;5988;3417;2571;5386;3099;2287;5583;3224;2359;5585;3221;2364;5584;3215;2369
1507;890;617;1557;949;608;1333;826;507;1191;672;519;971;541;430;796;460;336;853;459;394;932;444;488;1261;688;573;1171;623;548;1200;630;570;1336;728;608;1062;576;486;1114;631;483;951;530;421;978;541;437
Poprad
19.63;20.32;18.84;18.38;20.5;16.17;15.83;15.22;16.62;13.39;13.8;13.73;11.88;11.29;12.57;8.55;7.59;9.7;6.86;5.93;8.1;7.33;6.47;8.42;10.84;10.66;11.6;10.65;10.37;11.2;12.33;12.14;12.55;12.62;12.64;12.59;13.9;13.74;14.1;11.1;10.76;11.31;10.7;10.2;10.13;8.34;8.26;8.45
52043;27740;24303;53057;27064;25993;51409;28934;22475;51625;26958;24667;51546;27869;23677;51839;28263;23576;52933;29255;23678;53723;29854;23869;52952;29557;23395;54126;30522;23604;54237;30089;24148;54237;29805;24432;50400;27704;22696;52303;28545;23758;52376;28249;24127;52831;28676;24155
10214;5636;4578;9751;5549;4202;8139;4403;3736;6915;3527;3388;6123;3146;2977;4432;2145;2287;3632;1736;1896;3940;1931;2009;5739;3152;2587;5765;3164;2601;6685;3654;3031;6844;3767;3077;7006;3806;3200;5759;3072;2687;5275;2831;2444;4408;2368;2040
Presov
22.51;25.8;19.59;21.74;24.82;18.41;19.45;20.45;18.15;16.73;17.48;15.86;15;14.69;15.39;12.93;12.32;13.68;11.22;10.22;12.48;10.52;10.19;10.92;16.26;16.99;15.32;16.6;16.59;16.61;17.16;17.58;16.64;18.75;19.47;17.87;16.88;17.2;16.71;14.84;15.13;14.47;12.54;12.31;12.84;10.54;10.8;11.11
77845;41392;36453;77887;40488;37399;78032;43970;34062;76785;41151;35634;76294;41802;34492;75067;41314;33753;77451;42997;34454;78562;43702;34860;76329;42755;33574;78642;44810;33832;78968;44152;34816;79370;43899;35471;80717;45562;35155;83491;46746;36745;83094;46105;36989;83255;46223;37032
17522;10380;7142;16935;10049;6886;15176;8993;6183;12844;7192;5652;11446;6139;5307;9708;5090;4618;8693;4394;4299;8263;4455;3808;12408;7264;5144;13053;7434;5619;13554;7760;5794;14883;8546;6337;13629;7755;5874;12391;7075;5316;10422;5674;4748;8775;4661;4114
Sabinov
27.51;29.41;25.35;28.76;30.35;26.88;24.85;25.9;23.57;22.33;19.58;26.14;21.11;18.67;24.31;19.25;16.27;23.24;17.55;14.2;22.14;18.7;15.13;22.13;25.4;23.17;28.51;25.71;23;29.59;26.75;24.46;29.96;28.44;26.84;30.61;23.68;21.32;27.1;21.86;19.34;25.39;18.69;16.46;21.76;16.98;15.9;19.57
27080;14428;12652;24500;13237;11263;26277;14357;11920;24369;14163;10206;23533;13347;10186;22668;12966;9702;22963;13280;9683;23145;13420;9725;22756;13256;9500;23778;13995;9783;23996;13998;9998;24217;13932;10285;26762;15674;11088;27155;15824;11331;27068;15664;11404;26963;15573;11390
7450;4243;3207;7045;4017;3028;6529;3719;2810;5441;2773;2668;4968;2492;2476;4364;2109;2255;4030;1886;2144;4182;2030;2152;5779;3071;2708;6114;3219;2895;6419;3424;2995;6888;3740;3148;6336;3341;2995;5937;3060;2877;5060;2579;2481;4579;2350;2229
Snina
26.36;27.98;24.53;22.13;24.23;19.77;18.54;19;17.97;18.39;17.84;19.9;14.98;12.72;17.89;13.58;12.28;15.23;11.5;9.65;13.97;14.87;13.31;16.98;22.31;21.29;23.7;19.38;17.68;21.76;19.31;17.62;21.55;21.1;20.21;22.25;20.58;19.5;22.62;19.6;17.79;20.74;16.92;15.44;18.84;14.66;12.75;17.15
18691;9921;8770;18605;9849;8756;18975;10477;8498;18121;10101;8020;17915;10085;7830;17722;9948;7774;17987;10263;7724;18180;10452;7728;18019;10386;7633;19560;11393;8167;19471;11085;8386;19199;10817;8382;18561;10595;7966;18680;10615;8065;18654;10527;8127;18725;10579;8146
4927;2776;2151;4117;2386;1731;3518;1991;1527;3333;1802;1531;2684;1283;1401;2406;1222;1184;2069;990;1079;2703;1391;1312;4020;2211;1809;3791;2014;1777;3760;1953;1807;4051;2186;1865;3820;2018;1802;3561;1888;1673;3156;1625;1531;2746;1349;1397
Stara Lubovna
17.96;18.38;17.49;16.91;17.3;16.76;13.6;13.91;13.22;12.25;11.16;13.55;10.83;9.3;12.88;9.3;7.53;11.72;7.92;6.68;9.65;8.73;6.88;11.38;12.92;11.69;14.68;13.63;12.28;15.59;14.56;12.45;17.53;16.73;15.47;18.45;14.36;13.6;16.21;13.1;11.21;15.81;11.43;10.16;13.2;9.76;8.43;11.62
22997;12261;10736;23510;12457;11053;22264;12103;10161;21292;11590;9702;21242;12181;9061;21428;12384;9044;22413;13108;9305;22652;13337;9315;22896;13490;9406;23567;13953;9614;23761;13877;9884;23809;13700;10109;24592;14411;10181;24174;14211;9963;24188;14081;10107;24503;14277;10226
4131;2253;1878;3975;2122;1853;3027;1684;1343;2609;1294;1315;2300;1133;1167;1993;933;1060;1774;876;898;1977;917;1060;2958;1577;1381;3213;1714;1499;3460;1727;1733;3984;2119;1865;3532;1882;1650;3168;1593;1575;2765;1431;1334;2392;1204;1188
Stropkov
25.4;26.8;23.8;18.17;18.95;17.25;15.22;16.74;13.44;19.9;17.83;22.29;14;12.18;16.33;13.39;10.79;16.78;12.59;9.68;16.51;12.82;9.92;16.73;17.93;16.49;19.87;17.14;15.84;18.96;18.11;15.79;21.24;21.38;20;23.17;17.81;15.9;21.49;17.4;16.23;18.96;14.93;13.45;16.92;15.2;13.52;17.4
9632;5254;4378;10167;5472;4695;10110;5453;4657;9021;4839;4182;9010;5066;3944;9079;5135;3944;9267;5311;3956;9330;5354;3976;9751;5605;4146;10248;5966;4282;10372;5955;4417;10262;5804;4458;10469;6011;4458;10571;6061;4510;10647;6089;4558;10669;6116;4553
2412;1370;1042;1847;1037;810;1539;913;626;1795;863;932;1261;617;644;1216;554;662;1167;514;653;1196;531;665;1748;924;824;1757;945;812;1878;940;938;2194;1161;1033;1865;907;958;1839;984;855;1590;819;771;1603;827;776
Svidnik
22.31;23.94;20.4;20.4;23.53;17.5;16.25;16.75;15.62;17.38;15.93;19.14;16.13;14.2;18.47;14.48;12.39;17.3;12.93;10.56;15.89;15.36;13.3;17.95;21.75;20.93;22.79;18.8;16.9;21.29;20.3;17.9;22.69;23.33;22.11;24.82;21.92;20.41;23.82;20.5;18.48;22.5;19.38;17.82;21.33;18.34;16.37;20.79
15820;8555;7265;16444;8513;7931;16428;9218;7210;15693;8587;7106;15467;8478;6989;15411;8445;6966;15702;8703;6999;15832;8800;7032;16017;8947;7070;17108;9710;7398;17064;9484;7580;17065;9341;7724;16938;9479;7459;17203;9638;7565;17255;9596;7659;17265;9580;7685
3530;2048;1482;3355;2003;1352;2670;1544;1126;2728;1368;1360;2495;1204;1291;2232;1046;1186;2031;919;1112;2432;1170;1262;3484;1873;1611;3216;1641;1575;3418;1698;1720;3982;2065;1917;3712;1935;1777;3449;1781;1668;3344;1710;1634;3166;1568;1598
Vranov nad Toplou
28.87;31.39;25.78;28.43;31.9;24.38;22.63;25.9;18.58;18.69;18.5;18.96;18.34;17.58;19.34;16.49;14.36;19.3;14.51;11.93;17.93;16.12;14.1;18.91;21.37;20.8;22.13;19.68;19.31;20.19;22.89;22.28;23.71;24.2;23.57;24.61;23.25;22.22;24.63;21.25;20.3;22.87;17.8;16.42;19.59;17.8;16.1;20.14
36785;20272;16513;35742;19275;16467;37971;20998;16973;36165;20906;15259;34248;19521;14727;33698;19136;14562;34736;19798;14938;34990;19944;15046;34907;19832;15075;36980;21421;15559;37078;21258;15820;37308;21175;16133;38409;21962;16447;38616;22020;16596;38557;21815;16742;38655;21893;16762
10620;6363;4257;10162;6148;4014;8592;5439;3153;6761;3868;2893;6280;3432;2848;5558;2747;2811;5040;2361;2679;5640;2795;2845;7461;4125;3336;7278;4137;3141;8488;4737;3751;8960;4990;3970;8930;4879;4051;8207;4411;3796;6862;3583;3279;6881;3505;3376
Gelnica
27.96;28.1;27.89;27.29;28.27;26.15;25.23;26.4;24.24;21.49;19.34;24.37;20.25;18.53;22.53;17.8;15.1;19.81;15.63;13.75;18.16;16.51;14.34;19.39;21.94;22.73;20.9;19.14;19.72;18.36;20.79;20.94;20.59;24.1;23.67;24.69;21.29;19.61;23.69;17.91;17.42;18.59;16.96;16.73;17.28;14.95;13.4;17.17
14158;7740;6418;14252;7668;6584;14370;7853;6517;14289;8171;6118;13882;7916;5966;13203;7509;5694;13509;7731;5778;13376;7609;5767;13503;7689;5814;14586;8372;6214;14213;8131;6082;13959;8131;5828;14070;8257;5813;13861;7980;5881;13864;8014;5850;14064;8256;5808
3958;2168;1790;3890;2168;1722;3625;2045;1580;3071;1580;1491;2811;1467;1344;2255;1127;1128;2112;1063;1049;2209;1091;1118;2963;1748;1215;2792;1651;1141;2955;1703;1252;3364;1925;1439;2996;1619;1377;2483;1390;1093;2352;1341;1011;2103;1106;997
Kosice I
15.39;16.56;14.21;14.99;16.13;13.86;13.68;12.92;14.69;11.1;11.63;10.43;9.23;8.72;9.8;7.8;7.15;8.54;5.85;5;6.83;6.1;5.9;7.11;8.9;7.69;8.55;8.7;7.61;8.59;9.83;9.36;10.34;11.27;10.71;11.92;11.47;10.54;12.58;9.81;9.1;10.62;8.65;7.94;9.47;7.4;6.6;8.37
32240;16151;16089;32154;15987;16167;28757;16310;12447;29080;14147;14933;28511;15104;13407;27329;14569;12760;29258;15706;13552;29878;16236;13642;30774;16533;14241;31975;16922;15053;31090;16162;14928;30957;16586;14371;29898;16221;13677;32072;17038;15034;32511;17450;15061;32818;17867;14951
4961;2674;2287;4820;2579;2241;3935;2107;1828;3203;1646;1557;2631;1317;1314;2131;1041;1090;1712;786;926;1797;827;970;2490;1272;1218;2581;1288;1293;3055;1512;1543;3490;1777;1713;3430;1710;1720;3146;1550;1596;2812;1386;1426;2430;1179;1251
Kosice II
16.49;17.83;15.16;15.54;16.6;14.48;14.3;12.91;15.47;11.7;11.19;12.23;10.65;9.91;11.47;9.7;7.63;10.7;7.43;6.3;8.74;7.56;6.71;8.56;9.87;9.57;10.24;9.27;8.67;9.95;10.79;10.29;11.33;10.97;10.3;12.7;10.35;9.27;11.64;9.39;8.37;10.55;8.65;7.68;9.78;7.31;6.48;8.31
39706;19803;19903;38985;19568;19417;35036;19753;15283;36690;18730;17960;35828;18917;16911;34009;18094;15915;35577;19081;16496;36011;19464;16547;37981;20991;16990;38927;20753;18174;37875;19792;18083;37460;20133;17327;36139;19653;16486;37664;20078;17586;38251;20607;17644;38738;21136;17602
6548;3530;3018;6060;3249;2811;4915;2551;2364;4292;2095;2197;3814;1874;1940;3083;1380;1703;2643;1202;1441;2723;1307;1416;3747;2008;1739;3609;1800;1809;4085;2037;2048;4111;2019;2092;3740;1821;1919;3537;1681;1856;3308;1582;1726;2832;1369;1463
Kosice III
19.61;20.65;18.57;16.19;16.93;15.47;13.76;12.37;15.59;11.11;10.15;12.11;9.9;9.24;10.59;8.38;6.84;10.1;6.66;5.45;7.97;6;5.34;6.71;9.22;9.3;9.13;8.59;8.73;8.44;10.9;9.85;10.33;10.17;9.82;10.56;10.34;9.49;11.33;8.56;7.61;9.64;6.97;6.7;8.1;5.52;4.83;6.34
16722;8388;8334;18220;8965;9255;16713;9484;7229;17601;8994;8607;16926;8623;8303;16233;8307;7926;16860;8741;8119;16804;8676;8128;17191;9078;8113;17657;9116;8541;17154;8693;8461;16985;8882;8103;15141;8206;6935;15808;8415;7393;15954;8566;7388;16079;8755;7324
3280;1732;1548;2950;1518;1432;2300;1173;1127;1955;913;1042;1676;797;879;1361;568;793;1123;476;647;1008;463;545;1585;844;741;1517;796;721;1730;856;874;1728;872;856;1565;779;786;1353;640;713;1112;520;592;887;423;464
Kosice IV
15.82;16.48;15.17;15.27;16.7;14.46;13.15;12.13;14.45;10.33;10.43;10.23;8.83;8;9.76;7.5;5.99;8.27;5.54;4.61;6.63;5.89;5.18;6.73;7.82;7.47;8.25;7.82;7.47;8.22;9.38;9.15;9.62;9.58;8.77;10.52;10.28;9.64;11.6;9.37;8.98;9.82;7.57;7.3;8.22;6.37;6;6.83
29546;14749;14797;30244;15305;14939;27139;15210;11929;27302;13285;14017;26613;14089;12524;25437;13606;11831;26856;14440;12416;27408;14756;12652;29123;15941;13182;29798;15889;13909;28981;15151;13830;28801;15560;13241;24785;13701;11084;26146;14160;11986;26508;14564;11944;26748;14894;11854
4674;2430;2244;4619;2459;2160;3569;1845;1724;2819;1385;1434;2349;1127;1222;1794;815;979;1489;666;823;1615;764;851;2278;1191;1087;2330;1187;1143;2717;1386;1331;2758;1365;1393;2547;1321;1226;2449;1272;1177;2006;1024;982;1704;894;810
Kosice - okolie
29.66;29.95;29.29;27.4;28.68;25.92;25.2;25.61;24.31;22.34;20.81;24.37;21.51;19.6;24.3;19.39;16.86;22.7;16.52;13.89;20.2;17.37;15.15;20.3;21.71;21.38;22.15;21.27;20.42;22.4;22.86;21.92;24.1;24.6;23.56;26.1;19.49;18.35;21.4;19.2;18.8;20.67;17.66;16.45;19.27;15.48;13.56;18.11
49963;28059;21904;52431;28123;24308;53187;29075;24112;51599;29415;22184;49835;28293;21542;47674;27061;20613;48750;27821;20929;48746;27716;21030;49257;28373;20884;51443;29415;22028;50702;28684;22018;50514;29085;21429;57572;33100;24472;56211;31993;24218;56714;32460;24254;57003;32955;24048
14819;8403;6416;14367;8066;6301;13307;7446;5861;11527;6120;5407;10722;5546;5176;9242;4562;4680;8053;3864;4189;8468;4198;4270;10692;6066;4626;10941;6006;4935;11593;6287;5306;12426;6853;5573;11223;6073;5150;10790;5785;5005;10015;5341;4674;8826;4470;4356
Michalovce
30.59;32.59;28.31;26.85;29.29;24.17;24.5;25.52;23.24;20.46;18.94;22.43;18.46;17.28;19.87;16.48;15.62;17.53;15.1;13.82;16.48;14.95;14.18;15.89;18.32;18.17;18.52;17.21;17.14;17.31;19.4;19.31;19.5;20.1;19.73;20.57;17.75;16.57;19.26;16.78;15.75;18.6;15.11;13.95;16.57;13.77;12.49;15.41
51768;27545;24223;53293;27911;25382;54906;30411;24495;53206;30100;23106;50615;27690;22925;47924;26135;21789;47306;26153;21153;47249;26113;21136;47989;26903;21086;50234;27716;22518;49293;26827;22466;48734;27163;21571;51214;28786;22428;50141;27798;22343;50295;28054;22241;50684;28507;22177
15834;8977;6857;14309;8174;6135;13452;7760;5692;10884;5701;5183;9342;4786;4556;7900;4081;3819;7101;3614;3487;7062;3704;3358;8792;4887;3905;8647;4750;3897;9562;5181;4381;9797;5360;4437;9091;4771;4320;8413;4377;4036;7599;3913;3686;6978;3560;3418
Roznava
31.96;36.28;27.26;32.87;37.65;27.6;29.27;30.78;27.3;25.58;25.1;26.33;23.77;23.78;23.75;21.1;20.7;22.16;20.14;18.7;22.72;21.74;20.83;22.83;27.75;28.57;26.73;26.82;27.6;25.86;28.73;28.46;29.4;29.4;28.71;29.45;24.83;23.63;26.33;24.27;23.77;24.87;21.58;20.46;22.96;20.93;19.58;22.62
30796;16032;14764;30942;16233;14709;32509;18370;14139;31639;17939;13700;30695;16963;13732;29430;16221;13209;29276;16197;13079;29127;15966;13161;29490;16273;13217;31437;17316;14121;31181;17008;14173;31263;17358;13905;30643;17037;13606;30464;16750;13714;30562;16883;13679;30319;16881;13438
9841;5817;4024;10170;6111;4059;9515;5655;3860;8094;4487;3607;7295;4034;3261;6182;3255;2927;5897;2926;2971;6331;3326;3005;8183;4650;3533;8432;4780;3652;8957;4841;4116;9078;4983;4095;7609;4026;3583;7393;3982;3411;6596;3455;3141;6345;3305;3040
Sobrance
30.9;34.66;26.65;32.11;34.5;29.27;29.19;31.7;26.14;24.76;21.35;30.46;22.49;21.74;23.43;19.19;18.94;19.5;16.59;16.23;17.7;16.9;15.84;16.43;20.66;20.83;20.44;20.34;20.83;19.68;22.33;22.73;21.81;26.3;25.49;27.41;21.32;19.78;23.46;20.91;20.49;21.48;18.4;17.37;19.81;16.45;15.51;17.75
11371;6039;5332;10613;5759;4854;11276;6177;5099;11842;7406;4436;11384;6339;5045;10939;6092;4847;10705;6094;4611;10644;6024;4620;10178;5771;4407;9829;5632;4197;9632;5459;4173;9517;5500;4017;10584;6142;4442;10324;5915;4409;10337;5986;4351;10355;6033;4322
3514;2093;1421;3408;1987;1421;3291;1958;1333;2932;1581;1351;2560;1378;1182;2099;1154;945;1776;989;787;1713;954;759;2103;1202;901;1999;1173;826;2151;1241;910;2503;1402;1101;2257;1215;1042;2159;1212;947;1902;1040;862;1703;936;767
Spisska Nova Ves
25.79;27.5;24.28;24.35;27.23;21.14;21.98;22.5;21.32;18.72;17.26;20.64;16.94;15.66;18.53;12.95;11.6;14.63;10.77;9.32;12.59;11.43;10.34;12.81;16.14;16.38;15.83;16.28;16.6;15.89;18.83;19.21;18.36;19.14;19.32;18.9;15.91;15.35;16.65;15.12;14.66;15.71;14.1;13.17;15.31;11.31;10;13.3
42576;23234;19342;44114;23237;20877;43415;24212;19203;42982;24346;18636;40904;22609;18295;38916;21535;17381;39934;22263;17671;39802;22233;17569;40667;23012;17655;42613;23715;18898;42354;23379;18975;42453;24042;18411;45254;25758;19496;43989;24746;19243;44005;24879;19126;44565;25306;19259
10981;6284;4697;10741;6327;4414;9541;5447;4094;8048;4201;3847;6930;3540;3390;5040;2498;2542;4299;2075;2224;4549;2298;2251;6563;3769;2794;6938;3936;3002;7974;4490;3484;8125;4646;3479;7199;3953;3246;6651;3628;3023;6206;3277;2929;5041;2531;2510
Trebisov
31.89;33.22;30.21;31.47;34.15;28.42;27.64;28.58;26.47;24.6;22.51;27.66;24.23;22.82;26.4;21.84;20.3;24.15;18.6;16.48;21.36;19.8;17.3;23.7;25.24;23.98;26.91;24.42;23.64;25.44;26.88;26.16;27.79;26.85;24.9;29.46;22.4;20.28;25.19;20.1;18.54;21.88;18.42;16.66;20.69;17.5;15.28;19.38
48399;26999;21400;49495;26310;23185;52339;28998;23341;50686;30067;20619;48760;27438;21322;46669;26188;20481;46327;26280;20047;46118;26114;20004;44917;25650;19267;47694;26904;20790;47162;26398;20764;47141;26930;20211;51911;29446;22465;49994;27970;22024;49935;28195;21740;50032;28472;21560
15434;8970;6464;15574;8985;6589;14467;8289;6178;12471;6768;5703;11;;;;;;;;;;;;;;;;;;;;;;;;;;;;;;;;;;;