Bratislava I;Bratislavsky;40;81;10;421;33;130;11;378;37;90;4;289;24;51;2;209;22;24;1;161;13;12;0;134;16;22;1;101;12;21;3;90;11;55;0;104;11;57;2;199;8;46;1;268;6;60;0;326;11;69;0;396;20;55;0;401;14;52;0;402;10;55;0;366
Bratislava II;Bratislavsky;73;140;23;656;61;225;12;377;71;164;4;280;50;146;2;323;51;109;3;285;24;59;3;223;29;64;2;203;23;111;7;185;55;249;3;307;55;295;5;688;71;270;4;899;46;156;2;1303;73;256;5;1377;62;277;7;1512;47;224;4;1336;42;144;5;1032
Bratislava III;Bratislavsky;41;13;0;278;36;48;0;227;27;47;1;183;25;76;1;198;26;63;0;140;19;49;1;123;17;35;3;94;13;45;2;116;32;97;1;166;37;107;0;303;37;112;1;389;22;107;1;554;33;122;3;663;39;124;0;769;31;98;1;741;23;67;1;630
Bratislava IV;Bratislavsky;71;158;24;393;58;215;10;399;54;130;6;283;44;55;2;277;40;79;1;198;30;79;2;178;33;70;5;153;32;95;8;151;44;209;6;196;61;227;2;416;67;259;1;520;43;187;3;741;60;294;1;931;50;246;2;1026;59;190;2;971;59;132;1;889
Bratislava V;Bratislavsky;112;484;39;947;90;577;14;830;57;329;8;509;63;320;4;496;49;188;2;378;56;160;1;357;31;102;4;268;40;109;2;282;48;247;5;396;77;222;4;748;84;213;0;950;40;240;4;1301;70;237;3;1439;57;196;3;1484;58;140;2;1305;58;88;5;961
Malacky;Bratislavsky;243;285;117;2028;186;299;83;1704;84;154;32;968;69;212;21;540;54;191;29;465;50;133;21;400;24;114;27;344;27;143;30;301;68;236;41;565;79;256;55;878;74;223;38;925;39;273;35;1247;59;191;40;1130;60;207;49;1114;71;136;25;979;42;95;27;592
Pezinok;Bratislavsky;143;162;28;405;115;264;13;512;59;144;8;395;61;155;3;385;45;144;3;280;35;125;1;237;35;79;3;192;28;104;1;150;40;227;4;249;64;243;4;495;70;261;6;507;48;241;6;720;71;267;7;790;93;234;0;834;42;163;0;709;37;112;3;394
Senec;Bratislavsky;123;168;34;577;136;234;21;676;59;105;16;345;36;145;6;253;25;119;4;215;25;99;7;208;25;82;2;175;11;73;6;113;32;180;7;164;37;155;12;381;35;183;4;396;9;165;4;447;27;205;6;636;36;192;4;693;26;173;3;579;15;108;1;445
Dunajska Streda;Trnavsky;446;440;234;4417;398;616;125;4065;296;542;83;3178;252;367;61;2677;241;306;50;2367;205;271;54;1988;194;241;45;1759;152;312;38;1374;202;613;37;1818;212;681;49;2936;241;675;53;3230;209;664;42;3831;193;642;38;3556;205;555;28;3450;196;429;38;2746;135;223;26;1708
Galanta;Trnavsky;421;447;184;3544;442;609;113;3750;286;287;40;2440;203;276;36;1646;165;269;39;1455;154;182;31;1221;81;131;29;745;55;142;19;439;100;353;19;369;112;402;23;764;116;343;30;804;88;270;22;947;110;371;23;1056;107;324;17;1060;99;219;9;754;84;145;7;485
Hlohovec;Trnavsky;75;255;56;1282;74;355;23;1326;67;266;14;1146;84;224;5;1132;54;231;4;906;46;148;6;642;36;144;14;414;31;115;7;243;40;244;13;377;43;241;13;696;59;238;13;760;34;220;6;989;56;201;10;966;47;236;6;842;38;127;4;622;20;71;5;247
Piestany;Trnavsky;138;310;50;1029;120;360;23;1108;92;268;23;803;71;233;13;840;47;225;7;781;50;166;10;637;48;133;16;534;45;158;12;419;60;360;15;664;105;368;12;1019;133;299;18;995;147;242;14;1274;119;255;13;1185;93;226;22;1097;93;166;13;747;57;102;9;321
Senica;Trnavsky;300;317;123;2274;277;312;8;1726;269;303;23;1244;168;311;36;1208;123;256;44;1253;87;146;33;1048;61;142;46;803;32;181;52;751;85;422;61;1270;95;377;54;2048;110;276;50;1950;65;399;44;2084;112;299;40;2062;129;263;26;1835;113;165;33;1365;97;143;36;984
Skalica;Trnavsky;313;125;86;1561;262;207;40;1321;166;166;32;892;121;200;29;812;91;216;14;809;65;105;14;650;67;62;17;504;83;136;15;400;112;305;27;846;93;228;24;1135;90;179;21;938;59;240;19;996;74;199;13;1008;87;215;14;936;64;102;7;607;44;76;14;374
Trnava;Trnavsky;439;544;124;3271;374;796;67;3506;306;544;52;2783;258;420;22;2012;225;387;12;1565;172;271;14;1034;162;210;16;694;143;248;20;407;199;516;27;684;197;613;24;1135;208;566;23;1189;138;518;20;1680;143;470;19;1478;160;491;13;1242;143;335;8;1070;99;168;6;486
Banovce nad Bebravou;Trenciansky;265;227;60;1549;235;331;36;1633;166;231;19;1253;129;161;26;1032;119;191;20;737;99;127;14;585;59;91;13;418;70;99;15;323;97;199;23;462;105;220;18;755;88;235;11;748;115;233;20;908;162;196;19;1060;137;190;14;1014;98;124;8;802;66;109;5;522
Ilava;Trenciansky;253;158;26;509;201;191;9;464;143;171;3;452;159;181;2;462;162;148;7;446;135;122;7;386;86;113;4;260;70;118;4;209;117;309;13;385;118;262;4;787;107;215;12;824;84;306;9;1072;128;262;11;1125;118;218;2;1005;109;198;6;712;76;129;6;530
Myjava;Trenciansky;182;115;9;597;161;130;6;627;96;84;5;430;66;95;5;358;61;94;1;368;45;49;2;273;33;44;2;208;21;30;1;137;62;148;5;281;46;124;4;573;36;126;5;409;26;153;8;442;56;109;2;456;60;100;5;434;54;78;6;302;56;41;3;220
Nove Mesto nad Vahom;Trenciansky;290;231;56;1842;314;339;37;1629;254;221;32;1568;257;230;24;1423;178;146;18;1062;100;127;16;800;68;104;24;588;58;135;27;506;71;318;32;774;86;263;22;1206;119;232;22;1132;88;320;20;1245;105;250;26;1216;109;200;18;1197;117;127;30;999;121;101;16;689
Partizanske;Trenciansky;342;265;86;2069;357;352;44;2197;300;319;34;1659;183;266;29;1396;165;242;20;1217;130;186;21;1026;108;142;18;821;89;177;18;622;132;301;22;947;164;337;21;1438;140;319;26;1478;111;368;16;1678;137;269;18;1625;125;248;11;1435;108;179;10;1156;56;135;7;724
Povazska Bystrica;Trenciansky;398;270;26;1781;373;446;15;1785;286;331;4;1564;223;231;5;1287;225;266;5;1174;179;195;2;990;120;139;6;697;103;212;2;692;162;447;8;1128;189;446;6;1822;210;405;8;1867;187;399;9;2042;222;347;5;2002;228;370;1;1838;185;240;1;1382;138;190;1;948
Prievidza;Trenciansky;1335;601;105;3352;1190;943;54;3594;1029;712;22;2484;805;700;29;2418;710;659;20;2466;615;486;30;2219;491;375;23;1961;340;445;31;1619;433;863;31;2143;483;895;36;3487;673;844;21;3831;572;941;13;4597;794;834;17;4977;811;781;32;4818;653;522;20;4074;453;359;26;2691
Puchov;Trenciansky;313;178;43;855;310;233;7;669;195;202;11;568;152;143;3;633;126;96;7;512;105;60;4;420;86;78;7;346;50;73;7;325;86;165;8;459;83;221;6;752;95;186;4;724;57;259;3;783;96;226;3;879;93;204;3;829;79;146;1;594;72;93;5;402
Trencin;Trenciansky;106;342;33;911;90;523;11;726;149;400;11;538;152;303;5;703;111;194;1;649;80;152;3;455;78;124;3;358;54;231;6;319;110;584;12;639;109;593;5;1333;158;609;8;1386;124;597;9;1868;164;528;7;2025;176;460;4;1941;170;312;11;1440;117;218;3;852
Komarno;Nitriansky;403;479;225;6862;410;756;110;7744;324;579;52;6269;253;286;56;4474;168;171;56;2957;120;196;43;2342;99;167;44;1887;80;262;33;1635;104;500;50;2526;128;541;46;4271;136;576;41;4555;106;700;54;5727;137;547;65;6137;162;471;66;5496;156;343;44;4717;117;221;38;3220
Levice;Nitriansky;643;499;208;7571;622;974;95;8865;475;801;36;8509;308;726;40;7224;269;559;57;5795;223;443;63;5229;196;351;68;4543;134;447;58;3768;190;706;49;4434;201;670;65;5323;225;701;69;5374;182;771;71;5425;203;558;56;4858;217;517;55;4736;183;336;43;3995;124;254;30;3067
Nitra;Nitriansky;909;811;214;6149;849;1246;138;6269;699;944;44;5309;624;804;24;4600;452;543;28;3679;286;361;24;2350;223;243;24;1571;162;359;26;1108;257;681;35;1509;277;650;32;2362;273;753;37;2498;198;789;54;3239;264;761;32;3198;225;616;36;3076;214;425;28;2561;150;322;19;1629
Nove Zamky;Nitriansky;1051;697;197;9187;996;1200;74;9543;725;924;38;7960;479;651;53;6610;346;517;56;5245;261;365;55;4321;191;288;47;3040;156;390;36;2327;187;738;40;3169;176;835;31;4551;215;871;52;5159;132;934;27;5990;167;709;49;4958;198;599;48;4520;185;469;36;3987;122;330;27;2550
Sala;Nitriansky;304;225;100;2970;240;412;70;3007;194;277;21;2691;171;244;23;2152;152;239;30;1998;100;136;22;1638;74;115;17;1283;59;149;11;823;68;238;14;842;56;273;13;1157;67;261;11;1274;50;294;15;1486;68;207;13;1151;50;174;7;984;63;176;16;892;45;99;10;638
Topolcany;Nitriansky;410;374;77;3149;412;648;32;3097;305;493;31;2490;271;474;17;2141;239;475;12;2047;189;323;11;1525;121;250;14;1247;122;295;18;1106;163;503;14;1471;157;506;23;2000;183;452;19;2052;131;310;16;2534;198;435;18;2528;179;436;14;2425;159;276;14;1886;100;217;8;1262
Zlate Moravce;Nitriansky;314;213;55;2414;366;438;23;2969;305;378;20;2549;244;295;11;2183;176;214;7;1510;89;143;9;922;53;100;13;636;46;136;15;458;67;240;4;760;57;241;13;922;76;250;9;878;54;289;18;1088;53;225;6;1154;59;208;5;1147;56;160;5;911;48;73;2;577
Bytca;Zilinsky;188;120;31;887;167;244;4;830;135;209;7;794;89;192;7;907;61;150;4;743;35;67;9;642;27;70;2;439;32;91;10;421;44;242;11;698;43;228;4;1091;51;205;4;1123;43;146;5;1243;61;228;3;1291;82;204;0;1140;73;136;2;860;54;105;5;627
Cadca;Zilinsky;667;473;101;2889;635;756;32;2814;455;471;27;2222;330;404;7;2019;246;416;14;1876;212;318;11;1494;142;240;14;1130;130;319;13;1014;209;711;15;1383;216;773;13;2161;221;954;12;2168;210;606;15;2684;263;766;16;2836;323;706;7;3074;276;474;10;2467;199;282;11;1554
Dolny Kubin;Zilinsky;211;210;35;1815;208;343;10;1608;180;228;12;1351;152;210;7;1266;132;151;3;1076;88;104;3;798;68;100;3;568;77;146;5;557;106;254;9;810;117;283;4;1175;117;268;6;1145;97;287;3;1389;112;269;3;1401;141;239;6;1316;125;168;3;1033;106;152;1;789
Kysucke Nove Mesto;Zilinsky;275;155;36;1550;275;290;12;1612;225;191;9;1274;149;170;7;1153;132;145;12;1042;109;93;11;824;70;77;11;643;51;134;6;552;87;236;12;759;96;183;9;1044;75;202;7;969;59;196;7;1174;76;180;5;1252;68;195;9;1246;67;152;2;935;68;93;6;726
Liptovsky Mikulas;Zilinsky;244;300;120;2132;252;487;68;2447;230;338;48;2216;172;271;43;1962;152;273;47;1689;122;212;41;1519;87;153;30;1164;84;185;40;1152;130;405;52;1471;167;381;50;2218;180;402;59;2390;138;332;54;2884;161;356;63;2860;208;300;51;2631;193;235;51;2040;143;189;43;1579
Martin;Zilinsky;511;467;120;3704;466;804;66;4160;387;590;51;3242;261;568;26;2759;266;461;19;2331;183;299;23;1688;148;221;10;1293;130;267;21;1085;168;526;29;1491;173;514;25;2109;199;437;28;2109;141;496;24;2329;181;425;19;2235;212;372;13;1957;146;235;13;1183;97;168;9;833
Namestovo;Zilinsky;351;317;85;1681;331;348;36;1319;270;239;29;952;142;252;19;847;117;237;10;914;80;191;7;745;95;157;11;576;82;216;13;559;138;447;22;783;166;571;21;1178;140;616;14;1173;113;674;16;1525;177;642;16;1875;238;474;6;1790;164;324;5;1100;121;244;8;675
Ruzomberok;Zilinsky;333;258;72;2210;333;451;38;2416;248;322;18;1993;215;230;29;1898;156;208;18;1558;106;135;16;1353;72;120;12;1092;67;157;12;933;84;289;13;1278;94;325;21;1660;100;339;12;1652;81;352;12;1981;96;358;11;1964;108;351;18;1948;115;236;11;1694;83;211;14;1407
Turcianske Teplice;Zilinsky;87;97;24;523;104;125;7;604;68;123;3;522;67;114;0;542;59;120;5;530;46;67;5;458;46;53;7;381;47;66;3;343;40;125;9;397;49;107;7;493;57;90;2;529;56;111;2;626;49;104;4;624;66;98;8;610;35;53;10;402;33;42;7;271
Tvrdosin;Zilinsky;101;197;37;1172;92;293;21;1098;103;191;13;875;103;166;10;734;74;164;12;637;43;136;7;453;36;121;7;371;35;168;10;304;58;309;14;532;73;336;11;809;82;344;7;724;47;290;12;852;87;303;3;966;97;273;7;877;90;184;6;562;60;143;4;385
Zilina;Zilinsky;495;642;94;4335;440;871;40;3559;287;632;38;2961;185;582;10;2502;168;438;13;1972;127;285;12;1536;98;188;8;1098;101;320;13;855;120;774;10;1269;146;822;19;2200;192;811;14;2367;209;637;14;2954;191;765;11;3154;190;722;12;3055;172;577;17;2482;164;451;12;1944
Banska Bystrica;Banskobystricky;235;328;44;2109;285;651;28;2338;208;564;15;1991;204;510;18;1853;148;361;17;1666;116;221;21;1442;106;189;17;1160;79;219;15;877;106;531;30;1172;152;564;17;2144;167;482;17;2218;172;528;18;2637;164;469;15;2583;178;427;14;2653;185;312;20;2359;144;198;11;1726
Banska Stiavnica;Banskobystricky;195;69;19;513;227;107;15;604;194;87;9;613;158;126;6;660;126;101;7;631;103;75;2;584;94;70;5;521;87;91;4;467;103;119;2;637;97;134;7;755;132;120;4;735;117;155;2;828;87;113;4;850;110;94;4;846;114;80;5;736;113;45;4;585
Brezno;Banskobystricky;432;280;150;3838;428;468;81;4026;364;384;41;3796;301;323;75;3744;157;278;79;2844;86;206;66;2497;77;197;89;2041;83;230;87;1883;124;379;110;2541;149;369;99;3451;148;356;107;3382;119;377;98;3528;130;300;72;3137;122;331;78;2678;138;210;49;2619;114;156;28;2096
Detva;Banskobystricky;218;193;46;1467;219;310;16;1785;170;244;10;1871;168;207;11;1672;135;206;14;1529;102;140;10;1414;87;108;18;1234;62;135;29;1104;96;212;24;1415;99;179;15;1703;112;196;12;1553;86;189;18;1711;69;177;8;1319;105;180;12;1335;94;141;4;1228;75;129;2;1021
Krupina;Banskobystricky;140;105;38;953;142;202;8;1183;91;166;9;1184;68;173;18;1183;57;137;15;1197;45;94;13;1061;32;74;24;932;35;97;16;859;44;169;15;1009;63;172;23;1377;81;174;15;1403;58;75;10;1506;47;154;14;1197;32;136;11;1170;30;87;4;888;33;57;4;663
Lucenec;Banskobystricky;409;321;275;5215;368;596;209;6041;297;386;168;5706;238;491;124;5179;227;470;124;4836;171;294;106;4243;142;239;112;3768;131;313;107;3366;134;436;103;4240;138;500;111;5036;149;495;111;4959;116;494;96;5422;110;357;89;5287;112;341;83;4836;109;275;78;4266;103;213;58;3605
Poltar;Banskobystricky;234;107;48;1145;203;189;46;1422;191;166;31;1518;163;205;28;1701;120;167;13;1627;90;125;6;1400;89;83;13;1222;62;100;13;1047;73;171;15;1365;62;154;13;1784;74;156;13;1786;72;231;10;2104;41;179;6;2233;40;145;9;2022;41;92;8;1711;32;91;6;1390
Revuca;Banskobystricky;396;180;179;3555;384;329;168;4732;265;287;88;4750;275;259;110;4652;255;241;114;4590;201;200;110;4167;197;180;113;3818;206;206;97;3785;206;272;107;4298;241;284;94;4894;241;241;94;4812;192;196;96;4967;205;239;71;5035;206;215;58;4544;231;185;44;3756;211;132;14;3026
Rimavska Sobota;Banskobystricky;825;395;460;6566;861;729;336;9706;692;519;163;9975;487;486;321;8622;521;488;326;8528;374;356;327;8672;294;287;310;7939;255;307;264;7478;274;447;307;8735;303;517;296;10174;345;503;284;10064;352;497;322;10743;308;431;312;10900;334;453;291;10485;306;314;119;9171;299;283;78;7875
Velky Krtis;Banskobystricky;499;260;112;3704;553;502;91;4304;443;309;84;4324;344;308;48;4039;252;321;46;3750;197;230;47;3321;192;173;49;2911;209;199;40;2331;187;296;51;2784;207;275;54;3026;215;360;34;2733;192;386;42;2801;249;344;25;3155;275;323;20;3305;221;176;17;2685;158;146;8;1960
Zvolen;Banskobystricky;254;310;60;1840;262;464;31;2103;165;334;18;1782;147;282;12;1662;142;267;16;1590;109;192;18;1378;77;154;15;1262;65;189;21;1091;96;304;9;1257;93;301;11;1596;117;314;10;1619;75;307;19;2001;105;343;11;1795;130;291;5;1928;125;256;6;1808;109;182;6;1500
Zarnovica;Banskobystricky;352;143;38;1563;322;272;22;1820;253;211;16;1715;159;208;20;1764;103;225;8;1497;61;156;10;1190;60;141;8;981;66;175;12;936;64;222;15;1200;57;232;10;1447;72;201;16;1484;40;146;9;1604;69;165;9;1533;87;161;12;1375;83;120;14;1120;98;99;6;910
Ziar nad Hronom;Banskobystricky;270;239;54;1872;274;363;44;2115;244;277;15;1977;185;288;15;2128;150;286;22;1852;100;187;23;1556;104;157;22;1359;125;165;13;1132;119;279;16;1310;120;308;20;1707;142;274;20;1671;100;307;10;1898;174;223;17;2047;213;253;17;1908;184;163;16;1455;171;113;6;1055
Bardejov;Presovsky;495;333;192;3603;511;641;141;3910;498;418;101;3600;399;382;115;3337;266;452;114;3114;162;382;100;2799;156;362;109;2402;170;446;134;2459;267;609;154;3416;279;691;150;4211;337;663;146;4034;295;690;126;4645;324;629;110;4919;366;667;112;4659;347;520;78;4119;336;427;74;3863
Humenne;Presovsky;581;429;114;3326;509;603;99;3377;418;408;88;3193;346;384;58;2622;257;344;49;2056;206;287;44;1680;176;291;43;1436;154;318;34;1477;237;411;35;2001;241;484;29;2801;302;529;28;2879;295;562;20;3281;318;497;33;3368;335;480;21;3242;362;355;25;2953;301;297;25;2735
Kezmarok;Presovsky;428;321;392;5158;407;540;196;5640;341;436;76;5183;322;387;262;5203;227;357;252;5009;150;195;332;4256;119;171;304;3974;118;283;250;3612;137;470;276;4589;161;457;242;5344;206;481;247;5791;152;481;241;6456;183;474;206;6696;188;480;170;6398;211;359;129;5670;179;287;90;4698
Levoca;Presovsky;311;147;112;1615;302;220;113;1836;193;176;37;1533;154;156;23;1394;129;137;38;1406;93;108;54;1303;73;88;54;1319;73;127;32;1150;76;203;52;1310;75;253;62;1603;114;232;49;1653;107;263;42;1820;162;253;49;2112;165;244;32;1707;134;195;29;1441;149;151;18;1339
Medzilaborce;Presovsky;122;58;25;618;124;119;21;805;77;95;16;745;56;61;17;780;55;52;36;647;44;66;32;510;53;59;25;488;57;65;10;522;81;82;15;778;102;103;14;925;103;89;8;874;101;104;11;907;92;110;2;934;95;109;5;925;75;81;13;762;115;67;12;718
Poprad;Presovsky;428;466;335;4581;469;778;103;5104;419;534;51;4594;491;459;154;4494;441;340;128;4058;349;215;100;3343;251;210;101;2697;244;298;98;2395;285;582;125;3152;320;560;123;4192;341;575;114;4248;286;554;125;4713;265;508;119;4706;243;434;107;4320;208;356;131;3755;143;264;113;2988
Presov;Presovsky;864;842;356;8694;848;1626;243;9600;763;1121;173;8905;580;977;196;8028;493;826;208;7287;342;687;231;6317;264;567;185;5386;199;591;177;4315;237;1022;170;5669;289;1240;202;7557;413;1187;184;7942;346;1349;245;9046;433;1075;158;8913;466;942;122;8272;438;707;65;7001;344;526;54;5776
Sabinov;Presovsky;352;268;211;3211;347;477;17;3967;289;372;20;3838;240;297;113;3576;169;268;171;3318;80;229;154;3032;69;206;157;2551;68;225;130;2381;102;429;165;3005;115;460;179;3766;135;461;171;3841;127;383;175;4440;196;477;108;4577;217;439;106;4178;179;338;97;3645;141;316;104;3266
Snina;Presovsky;344;250;62;1800;328;302;30;2219;248;276;26;1955;213;287;29;1901;192;196;21;1653;148;165;15;1247;107;161;30;1135;103;212;20;1017;141;301;27;1644;169;328;22;2395;144;324;32;2327;126;352;25;2507;150;296;18;2516;164;288;12;2355;162;224;11;2032;139;187;13;1710
Stara Lubovna;Presovsky;218;218;131;1758;254;272;154;1930;184;239;91;1718;134;209;80;1502;116;206;73;1455;62;165;81;1233;53;139;67;1131;64;197;68;1063;82;385;89;1378;119;437;73;1797;148;448;47;1492;125;494;83;1936;174;438;58;1943;201;402;73;1838;168;268;57;1588;136;245;48;1274
Stropkov;Presovsky;238;107;47;929;250;133;8;933;168;66;7;717;193;128;11;812;161;95;13;815;121;92;16;719;109;75;16;766;104;95;21;779;133;158;23;984;137;167;21;1377;153;183;25;1212;130;198;13;1382;136;184;10;1383;160;182;9;1370;139;115;9;1145;136;109;7;1050
Svidnik;Presovsky;293;180;56;1423;310;229;41;1679;232;141;17;1430;174;183;32;1528;152;164;39;1467;105;142;45;1277;100;130;31;1168;95;173;22;1138;146;264;40;1603;147;288;25;2200;205;305;25;2024;183;278;26;2367;206;279;22;2573;190;288;18;2566;196;216;12;2227;184;202;7;2158
Vranov nad Toplou;Presovsky;638;462;377;4324;667;617;292;5016;468;460;76;4714;327;437;148;4098;343;445;158;3871;276;373;163;3637;250;349;166;3240;215;416;151;3292;278;594;172;4434;321;676;184;5432;420;695;188;5419;334;612;241;6292;396;641;217;6450;421;564;196;6147;395;460;173;5500;314;410;152;4941
Gelnica;Kosicky;299;143;130;1648;332;192;116;2118;289;167;92;2097;218;131;82;2002;174;124;78;1883;116;106;72;1643;92;97;73;1370;89;121;80;1324;125;177;77;1649;124;182;68;1963;126;189;91;1845;118;208;91;2027;95;186;47;2118;96;169;39;2024;107;156;39;1815;78;100;13;1531
Kosice I;Kosicky;257;230;81;2641;288;341;65;2509;168;267;36;1820;149;225;22;1733;128;191;19;1447;98;166;16;1109;96;138;12;855;86;160;5;698;91;295;13;874;94;333;4;1075;96;360;4;1227;91;446;7;1522;69;371;3;1685;82;316;5;1644;87;209;9;1496;82;168;4;1257
Kosice II;Kosicky;269;386;157;2970;262;604;31;2792;198;482;20;2392;188;404;40;2133;180;388;23;1865;147;262;20;1594;128;208;29;1245;93;220;27;1078;84;359;19;1275;87;393;9;1536;87;374;16;1604;95;429;14;1950;93;353;9;1681;113;315;20;1689;95;201;4;1650;96;187;3;1461
Kosice III;Kosicky;179;209;26;1433;142;342;8;1301;113;265;2;1035;92;182;7;952;90;146;5;845;86;100;3;649;75;70;2;511;42;77;1;368;71;126;7;500;64;124;6;653;71;124;1;718;52;133;2;876;44;108;6;731;50;96;1;696;41;78;2;538;37;48;1;440
Kosice IV;Kosicky;317;259;49;2008;315;362;50;2230;222;288;26;1894;186;190;13;1592;162;148;7;1283;121;101;10;954;120;81;8;753;95;119;7;618;113;181;7;833;116;234;7;1056;119;249;11;1109;118;260;3;1381;119;230;3;1192;128;241;3;1196;98;147;2;1000;68;100;3;788
Kosice - okolie;Kosicky;719;589;498;7910;711;915;229;8634;631;729;124;8653;429;664;186;7993;373;675;232;7291;279;476;239;6410;215;370;261;5378;178;463;217;4814;212;711;218;5827;182;784;224;6424;180;789;239;6714;140;854;196;7449;176;697;50;7728;204;672;81;7398;236;517;85;6686;183;477;75;5685
Michalovce;Kosicky;1026;578;449;8307;1064;958;90;8886;951;745;31;8450;728;599;114;7522;545;603;195;6587;430;481;196;5437;398;406;206;4893;308;484;172;4685;340;562;211;5681;411;639;195;6374;468;671;160;6512;368;703;132;6816;458;615;67;6433;483;499;46;6051;420;466;47;5451;343;378;47;4960
Roznava;Kosicky;445;296;222;4770;457;494;124;5814;343;431;55;5776;215;367;82;5590;171;356;87;5244;167;286;75;4429;124;234;69;4078;151;312;62;3906;213;455;70;4852;191;539;78;5839;173;490;74;6100;137;470;68;6340;112;431;33;6114;136;431;33;5996;135;324;45;5304;144;258;44;4711
Sobrance;Kosicky;296;136;48;1564;307;189;41;1768;279;146;18;2007;184;172;45;1958;106;183;45;1790;78;158;34;1488;69;137;43;1243;57;125;42;1125;43;170;43;1291;42;192;40;1453;56;176;24;1377;49;202;26;1461;61;184;15;1666;86;153;5;1600;77;158;5;1416;77;101;6;1247
Spisska Nova Ves;Kosicky;811;401;466;5725;784;650;200;5940;630;491;64;5388;588;444;104;5041;388;414;144;4581;236;253;122;3857;187;203;112;3170;155;324;86;2922;206;518;135;3493;254;552;213;4718;323;644;230;5251;288;611;186;5457;255;540;68;5000;259;518;84;4778;311;436;56;4263;245;319;46;3466
Trebisov;Kosicky;1004;571;417;7609;944;1007;306;9228;712;762;228;9027;388;802;165;8659;278;666;154;8286;203;569;140;6892;179;532;117;5825;187;575;99;4856;215;765;122;6940;344;836;150;8191;422;842;141;8696;329;722;130;9249;329;695;71;8891;361;571;39;8440;380;479;47;7548;278;428;43;6623